1000
5000
150000
0 745 813 0
0 833 77 0
0 842 230 1
0 913 937 1
1 7 124 1
1 34 289 1
1 94 675 1
1 115 435 1
1 275 237 0
1 323 631 1
1 361 979 1
1 543 381 1
1 725 418 1
1 878 139 1
2 293 492 1
2 425 514 1
2 449 604 1
2 468 953 0
2 476 266 1
2 478 346 1
2 561 679 0
2 857 195 1
3 30 232 0
3 47 410 1
3 58 399 1
3 437 378 1
3 601 659 1
3 706 798 1
3 900 2 0
4 159 411 0
4 521 189 1
4 644 250 0
4 654 678 1
4 658 335 0
4 822 656 1
4 830 49 0
4 875 610 1
4 897 611 0
5 70 2 0
5 337 902 1
5 625 344 1
5 675 225 1
5 701 831 0
5 803 18 1
5 877 739 0
5 917 808 0
5 951 978 0
6 320 474 1
6 664 2 1
6 676 707 1
6 679 758 1
6 727 596 1
6 782 868 0
6 843 749 1
6 930 302 1
7 154 170 1
7 174 227 1
7 236 377 1
7 441 112 1
7 533 454 1
7 566 736 1
7 609 411 1
7 654 198 0
7 686 715 0
7 751 135 0
7 810 92 0
7 823 16 1
7 892 435 1
8 296 363 0
8 593 71 1
8 669 5 1
9 20 174 0
9 73 868 1
9 98 738 1
9 141 973 0
9 470 351 1
9 485 472 0
9 528 465 0
9 553 316 0
9 720 986 0
9 723 602 0
9 752 385 0
9 798 278 1
10 255 440 1
10 404 112 0
10 449 740 1
10 538 840 0
10 586 52 1
10 612 389 1
10 668 879 0
10 870 771 0
10 934 251 1
11 106 561 1
11 192 607 1
11 289 2 1
11 322 734 0
11 383 65 0
11 472 367 1
11 513 346 0
11 534 670 0
11 753 221 0
11 872 219 1
11 975 663 1
12 45 388 0
12 67 622 1
12 192 286 1
12 298 208 1
12 316 598 1
12 335 915 0
12 359 651 1
12 453 180 1
12 538 646 1
12 552 367 1
12 625 765 1
12 700 375 1
12 842 278 1
12 909 481 0
12 915 625 1
13 22 279 0
13 40 80 1
13 357 828 1
13 626 328 0
13 675 757 1
13 705 906 0
13 802 932 1
13 883 493 1
13 981 135 0
14 49 509 1
14 180 53 0
14 266 268 1
14 462 368 1
14 532 263 1
14 616 478 1
14 667 68 0
14 683 672 0
15 92 414 1
15 157 764 0
15 203 863 0
15 217 381 1
15 292 890 1
15 349 887 0
15 508 906 0
15 515 909 1
15 734 448 0
15 899 383 1
15 929 780 1
16 137 340 1
16 196 994 1
16 297 74 0
16 432 96 1
16 498 437 1
16 500 821 1
16 557 880 1
16 656 324 1
16 667 423 1
17 77 873 1
17 166 427 1
17 186 50 1
17 660 671 1
17 697 709 1
17 894 9 1
18 174 313 1
18 329 473 1
18 380 867 1
18 496 528 1
18 522 881 1
18 636 883 1
18 698 638 0
18 721 629 1
18 724 820 0
18 951 403 0
18 971 290 0
19 57 813 1
19 216 405 0
19 401 341 1
19 489 198 1
19 541 478 1
19 574 581 1
19 582 474 1
19 644 516 0
20 37 635 1
20 65 521 1
20 396 912 0
20 541 732 1
20 971 137 1
21 56 429 1
21 78 781 0
21 211 779 0
21 285 311 0
21 299 19 0
21 327 845 0
21 446 23 1
21 555 562 1
21 595 46 0
21 718 776 0
21 721 619 0
21 731 300 0
21 883 212 1
21 939 229 1
22 162 340 1
22 264 350 0
22 279 645 0
22 674 854 1
22 684 610 1
22 770 256 0
22 887 640 0
22 921 896 1
22 967 164 1
23 93 914 1
23 178 489 1
23 268 648 1
23 659 265 1
23 662 292 0
23 691 7 1
23 713 277 1
23 827 948 0
24 109 364 1
24 401 824 0
24 403 511 1
24 495 805 1
24 556 660 1
24 583 205 1
24 892 403 1
25 54 531 1
25 95 588 0
25 165 338 1
25 198 271 0
25 212 924 1
25 228 266 1
25 304 910 0
25 398 279 1
25 410 271 1
25 491 659 1
25 518 808 1
25 699 363 1
25 704 30 1
25 768 354 1
25 948 412 1
26 165 346 0
26 230 138 1
26 249 217 1
26 310 757 0
26 314 920 1
26 330 147 0
26 335 572 0
26 462 348 0
26 490 488 1
26 612 868 0
26 622 716 1
26 681 856 0
26 779 61 0
26 913 164 1
26 974 311 1
27 205 683 1
27 242 599 1
27 278 31 1
27 322 864 0
27 476 433 0
27 520 772 1
27 662 805 0
27 682 235 1
27 858 58 1
27 920 385 0
27 933 830 0
27 973 670 1
27 988 348 1
28 46 185 1
28 240 678 1
28 408 766 1
28 430 4 0
28 522 973 0
28 810 816 1
28 823 379 1
28 905 321 1
28 909 53 0
29 32 519 0
29 35 380 1
29 234 964 1
29 239 991 1
29 304 756 1
29 327 159 1
29 328 262 0
29 343 982 1
29 405 486 1
29 439 513 1
29 544 298 0
29 684 450 0
29 718 120 1
29 749 141 1
29 797 20 1
30 33 132 0
30 78 307 0
30 235 458 1
30 308 345 0
30 391 434 1
30 412 203 0
30 427 435 0
30 515 214 1
30 657 457 0
30 692 306 1
31 213 433 0
31 393 545 0
31 471 724 0
31 526 744 1
31 773 857 1
31 776 608 0
31 820 45 0
31 842 209 1
32 117 897 1
32 127 279 1
32 339 571 0
32 342 656 1
32 579 155 1
32 613 263 1
32 629 376 1
32 695 5 0
32 731 41 1
32 867 892 1
32 879 221 1
32 935 158 1
32 936 360 1
33 88 932 1
33 325 764 1
33 423 446 1
33 506 819 0
33 693 219 1
33 723 793 0
33 783 965 1
33 930 320 1
33 997 371 1
34 176 726 0
34 311 656 0
34 346 692 1
34 395 23 1
34 469 766 1
34 654 790 0
34 960 651 1
34 986 95 0
35 163 652 1
35 164 596 0
35 170 855 1
35 357 626 0
35 434 370 0
35 498 915 1
35 518 685 1
35 668 502 0
35 887 575 0
35 991 362 1
36 137 880 0
36 191 898 1
36 324 565 1
36 393 739 1
36 495 6 0
36 602 871 0
36 625 676 0
37 637 94 0
37 643 208 1
37 758 902 1
38 160 47 1
38 572 60 1
38 744 98 1
38 795 528 0
39 83 16 1
39 189 288 1
39 316 844 0
39 325 359 1
39 413 494 1
39 448 499 1
39 452 325 1
39 616 983 1
39 657 531 1
39 727 976 0
39 855 311 1
39 883 94 0
39 989 621 1
40 94 546 0
40 145 989 1
40 381 352 1
40 414 525 1
40 491 851 0
40 521 117 1
40 549 16 1
40 592 761 1
40 656 927 0
40 872 937 0
40 919 987 0
41 137 240 0
41 167 883 1
41 201 906 1
41 372 836 0
41 546 151 1
41 680 506 1
41 848 890 1
41 914 753 1
42 86 982 1
42 125 126 1
42 191 756 0
42 223 974 0
42 303 570 1
42 402 996 0
42 422 795 0
42 550 907 0
42 565 266 1
42 835 781 1
43 338 443 0
43 388 355 1
43 448 13 1
43 601 752 1
43 683 739 1
43 715 706 1
43 823 89 1
43 908 132 0
43 952 778 0
44 70 683 0
44 148 338 0
44 248 650 1
44 273 8 1
44 340 618 0
44 370 961 1
44 467 111 0
44 473 307 0
44 627 451 1
44 756 438 0
44 792 851 1
44 972 165 0
45 130 505 1
45 267 717 1
45 748 986 1
45 782 646 1
45 859 185 0
45 951 341 1
46 93 409 0
46 244 88 1
46 286 884 1
46 403 601 1
46 431 519 1
46 660 663 1
46 695 145 0
46 819 964 1
46 934 623 0
47 188 264 1
47 238 233 1
47 282 365 1
47 594 403 1
47 626 363 0
47 740 269 1
47 825 760 0
48 73 397 1
48 80 5 0
48 137 366 0
48 150 925 1
48 347 909 0
48 504 255 0
48 624 721 1
48 730 570 1
49 82 894 0
49 214 420 1
49 454 707 0
49 613 640 1
49 614 724 1
49 637 834 0
50 492 801 1
50 529 22 0
50 699 111 0
50 718 376 1
50 746 900 0
51 64 478 1
51 102 467 1
51 107 871 0
51 244 305 0
51 302 855 1
51 441 154 0
51 462 294 0
51 628 118 0
51 646 589 1
51 706 381 1
51 809 932 0
51 876 248 1
52 344 750 1
52 352 505 1
52 427 77 1
52 519 676 1
52 688 898 1
52 845 476 1
52 850 755 1
52 951 496 0
53 65 174 1
53 336 343 0
53 505 218 0
53 609 337 0
53 624 264 1
53 677 799 1
53 909 861 1
53 987 311 1
54 288 496 0
54 389 543 0
54 518 818 1
54 523 806 0
54 526 130 1
54 530 56 0
54 605 627 1
54 649 290 1
54 823 216 0
55 66 669 1
55 226 927 1
55 238 106 0
55 286 246 0
55 295 53 1
55 438 646 1
55 699 784 1
56 93 623 0
56 136 637 1
56 150 251 0
56 301 454 1
56 313 517 1
56 324 603 0
56 447 172 1
56 532 137 1
56 662 908 1
56 668 564 0
56 795 951 0
56 826 452 1
56 851 623 1
56 863 381 0
56 974 406 1
57 176 82 1
57 192 689 1
57 193 965 1
57 240 911 0
57 246 768 1
57 522 612 0
57 574 465 1
57 585 718 0
57 606 333 1
57 713 124 1
57 794 536 1
57 960 725 1
58 59 514 0
58 92 742 0
58 107 446 0
58 348 235 0
58 412 246 1
58 575 678 0
58 582 596 0
58 594 615 1
58 623 972 1
58 644 194 1
58 679 96 0
58 699 694 0
58 735 539 1
58 981 642 0
59 90 609 1
59 106 598 0
59 256 226 0
59 790 725 1
59 800 998 1
59 913 694 1
59 921 491 1
59 939 48 1
60 61 125 1
60 106 189 0
60 190 959 1
60 239 368 1
60 399 616 1
60 452 769 0
60 520 983 0
60 545 799 0
60 581 160 0
60 654 623 1
60 655 664 1
60 656 276 1
60 675 409 1
60 679 104 0
60 689 501 1
60 766 498 0
60 814 172 1
61 79 382 1
61 110 521 0
61 179 928 1
61 189 703 1
61 383 569 0
61 398 702 1
61 415 620 1
61 488 822 1
61 619 870 1
61 628 341 0
61 690 600 1
61 726 685 1
61 952 565 1
62 183 87 0
62 430 248 0
62 469 1000 0
62 532 143 0
62 623 612 0
62 736 533 1
62 808 586 0
62 911 811 1
62 932 56 1
62 954 302 1
63 119 226 1
63 174 865 0
63 433 605 1
63 511 797 1
63 708 576 1
63 785 814 1
64 72 430 1
64 119 599 1
64 224 334 0
64 431 494 0
64 530 41 1
64 687 563 1
64 693 845 0
64 711 582 1
64 968 967 1
65 162 840 1
65 174 363 1
65 200 585 1
65 272 945 0
65 306 848 1
65 328 767 1
65 359 122 1
65 391 501 1
65 485 584 0
65 622 569 1
65 671 187 1
65 781 315 0
65 897 314 0
65 970 564 0
66 73 816 1
66 132 392 1
66 184 677 1
66 197 588 1
66 278 467 1
66 361 760 1
66 529 766 0
66 616 574 1
66 620 128 0
66 827 456 1
66 854 867 0
66 936 754 0
67 123 713 1
67 148 570 0
67 243 505 1
67 305 969 0
67 331 330 1
67 428 508 0
67 637 918 1
67 671 579 1
67 808 810 0
67 862 257 0
67 905 127 0
67 962 960 1
68 184 724 0
68 216 145 0
68 232 23 0
68 274 173 0
68 341 105 0
68 418 205 0
68 604 881 1
68 619 420 1
68 658 962 0
68 743 317 0
68 832 350 1
68 838 830 1
68 865 126 1
68 997 180 1
69 298 69 0
69 317 979 1
69 338 380 1
69 545 259 1
69 620 758 1
69 630 414 1
69 682 551 1
69 839 20 1
69 841 102 1
69 855 8 0
69 993 384 0
70 140 185 0
70 148 719 1
70 180 48 0
70 184 434 1
70 274 515 1
70 366 59 1
70 395 938 0
70 565 15 1
70 957 77 1
71 84 194 1
71 222 914 1
71 333 662 1
71 430 537 1
71 461 297 1
71 514 521 0
71 655 249 0
71 733 163 0
71 851 397 0
71 871 617 1
72 127 403 1
72 161 194 1
72 199 843 1
72 313 217 1
72 351 999 0
72 400 490 0
72 530 58 1
72 659 668 1
72 685 865 0
72 736 311 0
72 937 803 0
73 206 800 1
73 244 939 0
73 501 975 1
73 777 368 1
73 935 20 0
74 100 255 1
74 119 370 0
74 207 464 0
74 342 436 0
74 396 86 1
74 458 400 0
74 535 57 1
74 591 963 1
74 668 692 0
74 696 935 1
74 877 567 1
74 891 355 1
74 904 589 1
74 921 167 1
74 941 982 0
75 81 237 1
75 117 873 0
75 634 177 1
75 699 754 1
75 708 472 1
75 744 185 1
75 765 484 1
75 768 658 1
75 977 395 0
75 983 46 1
76 271 629 1
76 322 263 1
76 347 366 1
76 636 364 0
76 715 590 0
76 717 32 0
76 871 342 1
76 872 698 0
76 938 52 0
76 988 691 1
77 174 239 1
77 299 122 1
77 340 838 0
77 406 356 0
77 420 469 0
77 531 805 1
77 967 332 0
77 995 589 1
78 119 823 0
78 182 480 1
78 400 207 1
78 555 759 0
78 580 31 1
78 597 918 0
78 663 222 1
78 688 599 1
78 695 395 0
78 716 369 1
78 771 875 1
78 984 521 1
79 104 831 0
79 149 371 1
79 150 355 1
79 308 135 1
79 385 718 1
79 453 516 0
79 481 314 0
79 483 510 0
80 89 539 0
80 254 810 1
80 292 760 0
80 297 69 1
80 301 400 0
80 319 346 1
80 373 447 1
80 429 602 0
80 920 233 0
81 138 598 1
81 269 735 0
81 285 297 1
81 340 735 0
81 541 939 1
81 548 550 1
81 597 211 1
81 615 783 1
81 930 217 0
82 131 885 1
82 214 103 0
82 297 658 0
82 356 348 1
82 405 311 1
82 455 920 0
82 516 196 1
82 596 561 1
82 913 391 1
82 948 916 1
83 311 186 1
83 463 98 1
83 828 942 1
83 845 771 1
84 120 793 1
84 312 741 1
84 436 610 0
84 555 662 0
84 721 801 1
84 863 487 1
84 900 202 1
84 996 462 0
85 289 572 1
85 400 776 1
85 484 260 1
85 652 269 1
85 669 570 1
85 711 320 0
85 728 901 0
85 740 426 1
85 760 758 0
85 851 45 1
86 191 315 0
86 205 114 0
86 254 984 0
86 330 84 0
86 340 214 1
86 371 750 1
86 501 172 1
86 546 114 1
86 553 103 0
86 585 612 0
86 640 370 0
86 763 223 1
86 871 265 0
87 152 217 1
87 183 375 0
87 212 581 1
87 357 524 0
87 569 205 0
87 605 145 0
87 696 74 1
87 765 483 0
87 771 172 1
87 847 175 0
87 862 66 0
87 908 935 1
87 935 163 0
87 995 954 1
88 217 594 1
88 385 484 0
88 419 526 1
88 475 896 1
88 658 795 1
88 937 329 0
88 939 264 1
89 92 736 1
89 197 876 1
89 379 946 1
89 384 988 1
89 475 252 0
89 718 586 1
89 801 56 1
89 838 384 0
90 201 64 1
90 224 185 1
90 296 238 0
90 392 502 0
90 500 993 1
90 635 440 0
90 669 946 1
90 730 655 1
90 731 383 1
90 735 81 1
90 833 525 1
90 855 967 0
90 981 990 1
90 984 988 1
91 147 978 1
91 252 295 1
91 349 556 0
91 359 758 0
91 696 646 0
91 887 952 0
92 121 806 0
92 261 437 1
92 303 17 0
92 404 384 1
92 452 92 1
92 681 115 1
92 715 990 0
92 808 589 1
92 864 551 0
92 899 412 0
92 947 66 0
93 170 58 0
93 247 661 1
93 263 306 0
93 365 917 1
93 533 80 1
93 603 54 1
93 718 320 1
93 812 874 1
93 897 466 0
93 903 289 0
93 944 234 1
93 956 382 1
94 205 86 0
94 670 9 1
94 685 30 0
94 779 604 1
94 787 273 0
94 846 738 1
94 916 769 1
94 933 918 1
95 119 250 1
95 121 1000 1
95 124 714 0
95 125 551 1
95 188 21 1
95 285 434 1
95 630 990 1
95 927 933 1
96 204 669 1
96 224 193 1
96 260 83 1
96 343 781 0
96 433 661 1
96 447 599 1
96 517 451 1
96 574 887 0
96 587 116 0
96 734 258 1
96 826 500 1
96 832 334 0
96 999 784 0
97 106 866 0
97 108 100 1
97 321 805 1
97 395 241 1
97 415 531 0
97 465 84 0
97 534 296 1
97 583 557 1
97 683 83 1
97 727 273 1
97 731 324 1
97 862 193 0
97 922 670 1
97 942 177 0
97 966 329 1
97 990 186 1
98 215 834 1
98 380 82 1
98 400 639 0
98 409 308 1
98 431 929 1
98 505 952 0
98 669 909 1
98 694 705 1
98 706 560 0
98 786 711 1
98 861 319 0
98 916 121 1
98 968 12 1
99 274 777 1
99 404 14 1
99 405 580 0
99 601 850 1
99 721 132 1
99 756 699 0
99 930 298 1
100 201 86 0
100 271 745 1
100 310 743 1
100 314 694 0
100 582 12 0
100 644 114 0
101 199 104 0
101 222 288 1
101 268 651 1
101 288 352 1
101 543 166 1
101 577 450 0
101 714 493 1
101 772 52 1
101 797 175 0
101 803 330 0
101 838 695 1
101 856 233 1
101 939 138 1
102 103 943 0
102 129 710 1
102 142 333 0
102 258 862 0
102 301 20 0
102 384 573 1
102 605 861 0
102 698 253 0
102 733 221 0
102 790 720 1
102 864 135 1
103 160 840 1
103 227 538 1
103 288 236 1
103 314 262 1
103 406 349 1
103 456 591 1
103 474 892 0
103 543 194 1
103 585 491 0
103 835 644 0
103 884 632 0
103 925 423 1
103 948 259 1
103 954 398 1
104 143 695 1
104 147 86 1
104 299 616 0
104 609 166 0
104 775 356 1
104 812 429 1
104 838 532 1
104 852 11 1
104 957 108 1
105 260 239 1
105 413 569 0
105 509 22 1
105 715 625 0
105 723 197 0
105 741 659 1
106 340 16 1
106 363 70 1
106 462 809 0
106 573 375 1
106 987 71 1
107 315 624 1
107 418 606 1
107 512 299 1
107 667 373 0
107 671 487 1
107 754 536 1
107 764 158 1
107 871 213 0
107 974 209 1
108 111 521 1
108 167 649 0
108 370 138 1
108 597 738 0
108 639 841 0
108 843 784 1
108 857 204 1
108 998 715 0
109 374 346 1
109 410 563 1
109 627 927 1
109 686 438 0
109 763 825 1
109 771 148 1
109 869 89 0
109 933 827 1
109 977 206 1
110 275 204 0
110 420 871 0
110 719 544 0
110 963 786 1
111 147 356 1
111 162 224 1
111 166 450 0
111 254 113 1
111 282 723 1
111 293 187 0
111 361 854 1
111 434 743 0
111 686 628 1
111 687 384 1
111 824 62 1
111 921 206 0
112 225 464 1
112 273 313 1
112 382 345 0
113 248 359 1
113 323 470 0
113 652 28 1
113 724 747 1
113 835 563 1
113 857 999 1
114 426 447 0
114 447 625 1
114 472 466 0
114 526 867 1
114 554 60 0
114 628 883 1
114 849 69 1
114 864 803 0
115 284 951 0
115 461 383 1
115 542 150 1
115 643 19 1
115 744 1000 1
115 824 955 0
116 307 613 1
116 332 405 1
116 695 366 0
116 823 246 0
116 838 541 0
116 843 349 1
117 126 199 1
117 308 678 1
117 325 772 0
117 326 281 1
117 331 702 1
117 443 579 1
117 511 409 1
117 529 581 0
117 582 632 1
117 593 672 0
117 639 788 1
117 648 927 0
117 696 845 0
117 957 85 0
118 257 35 0
118 259 723 1
118 346 290 1
118 576 121 1
118 694 728 1
118 764 603 1
118 777 911 1
118 796 410 0
118 858 961 1
118 916 340 0
118 940 324 1
118 944 484 1
118 993 896 1
119 173 740 1
119 274 97 1
119 282 440 0
119 395 313 1
119 798 860 1
120 209 888 1
120 220 39 1
120 439 831 1
120 444 237 1
120 479 463 1
120 567 585 1
120 816 496 1
120 826 214 0
120 877 509 1
120 995 782 1
121 154 994 0
121 165 863 1
121 455 163 0
121 524 575 1
121 564 666 1
121 630 698 1
121 944 425 1
121 959 83 1
122 147 92 0
122 179 655 0
122 186 381 1
122 192 812 0
122 368 238 1
122 504 275 0
122 555 244 0
122 564 348 1
122 574 86 1
122 750 51 1
122 808 969 0
122 847 717 1
123 162 975 1
123 197 709 1
123 233 697 1
123 297 835 0
123 407 790 1
123 424 367 1
123 426 953 1
123 543 550 0
123 634 347 1
123 885 132 0
123 968 296 1
123 982 112 0
124 157 639 1
124 181 547 0
124 207 559 1
124 305 599 1
124 342 824 1
124 375 607 1
124 434 111 1
124 531 140 1
124 600 507 0
124 611 919 1
124 654 683 1
125 185 960 1
125 265 856 1
125 307 83 1
125 313 827 0
125 378 51 1
125 663 93 1
125 807 629 1
125 893 2 1
125 933 281 1
126 311 474 1
126 376 220 1
126 377 5 1
126 386 793 0
126 405 687 1
126 420 680 1
126 615 441 1
126 627 593 1
126 680 511 1
126 767 907 1
126 816 166 1
126 826 266 1
127 134 471 1
127 184 416 0
127 257 932 1
127 298 35 1
127 335 558 1
127 653 75 0
127 735 269 0
127 896 663 1
127 934 952 1
127 956 653 0
128 162 84 1
128 424 657 0
128 580 372 0
128 646 426 1
128 770 186 1
128 779 931 0
129 317 508 0
129 348 41 1
129 355 965 0
129 390 337 1
129 765 474 0
129 869 86 0
130 162 767 1
130 219 263 1
130 405 908 1
130 449 3 0
130 484 874 1
130 495 417 0
130 642 580 1
130 688 104 0
130 817 50 1
130 934 356 0
131 180 57 1
131 387 46 1
131 444 865 0
131 459 172 1
131 614 438 0
132 180 757 0
132 216 736 1
132 226 335 1
132 294 53 1
132 308 681 1
132 387 18 1
132 431 581 0
132 755 523 1
132 821 927 1
132 922 523 0
133 173 76 1
133 318 951 0
133 361 673 0
133 537 211 0
133 569 424 1
133 706 666 1
133 743 22 1
133 767 584 1
133 840 370 1
133 911 855 0
134 204 792 0
134 373 110 1
134 379 716 0
134 707 532 1
134 714 4 0
134 820 102 1
134 918 446 0
135 138 811 1
135 256 135 1
135 280 728 1
135 480 613 1
135 600 366 1
135 614 594 1
135 671 773 1
135 778 157 1
135 814 392 1
135 967 315 1
136 240 659 1
136 339 321 0
136 479 789 1
136 540 413 0
136 609 399 1
136 661 655 0
136 724 181 0
136 786 474 1
136 893 485 0
137 165 804 0
137 387 528 1
137 410 33 1
137 471 867 1
137 653 556 1
137 717 84 1
137 768 760 1
137 867 197 1
138 191 299 0
138 204 595 1
138 273 955 1
138 300 611 1
138 399 174 1
138 425 370 1
138 517 154 0
138 568 1 1
138 618 112 0
138 890 797 1
138 986 582 1
139 193 350 1
139 205 10 1
139 336 801 1
139 409 287 0
139 457 896 0
139 474 652 0
139 656 103 1
139 683 467 1
139 822 162 0
139 864 136 1
139 955 913 1
140 230 625 1
140 254 63 0
140 456 445 1
140 459 210 1
140 576 287 0
140 589 321 0
140 704 932 0
140 834 873 1
140 852 500 1
140 906 18 1
140 946 731 0
140 960 931 1
141 208 498 0
141 350 50 1
141 429 295 1
141 786 776 1
141 882 692 0
142 199 551 0
142 432 179 1
142 491 944 1
142 553 963 1
142 654 109 1
142 787 1 0
142 880 67 0
142 928 321 1
142 955 460 0
143 286 890 1
143 410 315 0
143 489 152 0
143 539 828 0
143 729 305 0
143 741 478 1
143 763 903 1
143 776 670 1
143 832 36 1
144 205 694 1
144 233 262 0
144 465 44 1
144 506 510 1
144 588 604 0
144 903 814 1
144 963 962 0
145 289 98 0
145 353 348 0
145 525 308 1
145 559 72 0
146 188 628 0
146 303 785 0
146 369 30 1
146 411 343 0
146 556 905 1
146 601 656 1
146 645 910 1
146 731 298 1
147 460 989 1
147 750 489 1
147 779 965 0
147 806 34 1
147 820 474 0
148 231 472 1
148 240 121 1
148 301 435 1
148 497 773 1
148 498 924 1
148 687 97 1
148 817 359 1
149 306 199 1
149 475 410 1
149 530 822 1
149 534 253 0
149 703 946 1
149 946 450 0
149 985 512 0
150 223 119 1
150 325 537 0
150 450 339 1
150 457 449 0
150 521 604 1
150 558 844 1
150 617 607 1
150 620 984 0
150 678 678 1
150 692 788 1
150 856 597 1
151 191 488 1
151 208 239 1
151 275 34 0
151 365 761 1
151 382 795 1
151 402 456 1
151 445 354 1
151 465 213 1
151 600 97 1
151 672 621 0
151 843 748 0
152 233 35 1
152 256 451 0
152 469 158 1
152 480 511 1
152 596 149 0
152 667 433 1
152 789 494 0
152 851 687 0
153 216 708 0
153 224 598 0
153 337 587 0
153 428 864 1
153 469 657 1
153 671 667 1
153 867 198 1
153 904 777 0
154 287 30 1
154 516 956 1
154 653 832 0
154 712 127 1
154 730 828 1
155 165 887 1
155 516 21 1
155 623 726 1
155 685 449 1
155 820 520 0
155 841 886 1
155 939 680 1
155 954 387 1
156 217 359 1
156 259 9 1
156 641 399 1
156 832 218 0
156 833 424 1
156 879 260 1
157 161 797 1
157 384 268 1
157 446 296 1
157 570 219 0
157 785 261 1
158 247 478 1
158 425 999 0
158 839 890 1
158 876 234 1
158 970 37 1
159 192 852 1
159 246 154 1
159 411 584 0
159 530 337 0
159 787 865 1
159 788 843 0
159 901 473 1
159 910 497 1
159 971 344 1
159 977 236 0
160 217 738 1
160 296 872 0
160 324 893 0
160 337 194 1
161 195 261 1
161 280 991 1
161 317 917 0
161 353 204 0
161 819 433 1
162 351 330 1
162 373 444 0
162 415 282 1
162 451 543 1
162 610 400 0
162 796 696 1
162 823 745 1
162 900 791 1
162 954 325 0
163 216 472 0
163 245 455 0
163 352 214 0
163 395 555 1
163 481 806 0
163 487 798 0
163 791 159 0
163 905 485 1
163 978 134 0
164 380 651 1
164 484 185 1
164 525 755 0
164 685 424 0
164 836 930 1
164 868 100 0
164 994 558 0
165 315 930 1
165 383 43 0
165 402 749 1
165 526 682 1
165 611 542 1
166 173 111 0
166 339 261 1
166 437 524 0
166 594 424 1
166 677 907 0
166 738 211 0
167 388 212 1
167 409 794 1
167 436 709 1
167 442 111 0
167 547 856 0
167 624 82 1
167 641 860 1
167 652 371 1
167 680 659 1
167 912 688 1
167 961 77 0
168 257 100 1
168 293 731 0
168 410 473 0
168 431 782 1
168 562 646 1
168 774 312 1
168 809 936 1
168 930 459 0
169 242 889 1
169 246 414 1
169 553 913 0
169 673 438 0
169 736 434 1
169 866 168 1
169 883 809 0
169 994 56 1
170 488 949 1
170 567 575 1
170 698 850 0
170 704 876 1
170 734 719 1
171 261 610 0
171 458 521 1
171 553 314 0
171 704 846 0
171 712 79 1
171 738 568 1
171 784 275 0
171 865 252 1
172 180 979 1
172 229 337 0
172 348 89 0
172 435 143 1
172 459 902 1
172 527 932 1
172 704 116 0
172 795 175 1
172 989 157 1
173 201 70 1
173 259 744 0
173 307 416 0
173 395 550 1
173 510 737 1
173 642 275 0
173 878 563 0
174 182 885 0
174 214 455 1
174 234 998 1
174 306 398 1
174 316 785 1
174 359 676 1
174 374 575 1
174 452 45 1
174 514 467 0
174 638 557 1
174 700 994 1
174 731 284 0
174 926 868 1
174 928 770 1
175 227 405 0
175 303 108 1
175 419 107 0
175 447 277 1
175 498 861 1
175 724 472 1
175 763 326 1
175 827 566 0
175 941 937 1
176 263 379 1
176 267 167 1
176 600 825 1
176 686 950 1
176 709 147 1
176 716 96 1
176 894 758 0
176 944 297 0
177 263 578 1
177 556 904 0
177 636 568 1
177 745 344 1
177 787 699 1
177 788 497 1
177 891 820 0
177 931 40 1
178 232 922 1
178 239 556 0
178 457 46 0
178 487 191 0
178 559 20 0
178 591 750 1
178 859 614 0
178 960 703 1
179 197 834 1
179 304 207 1
179 451 502 1
179 566 385 1
179 616 146 1
179 738 564 0
179 791 176 0
179 920 119 0
179 935 721 0
180 284 298 0
180 295 307 1
180 404 922 1
180 605 448 1
180 656 563 1
180 716 101 0
180 790 486 1
180 853 659 0
180 973 7 1
181 209 629 1
181 231 517 1
181 538 177 0
181 540 367 0
181 597 248 1
181 626 893 1
181 820 148 1
181 995 298 1
182 202 984 1
182 250 642 0
182 358 297 0
182 422 111 1
182 426 42 1
182 575 523 1
182 700 401 1
182 750 376 1
182 926 909 1
183 291 403 1
183 309 517 0
183 572 406 1
183 600 727 0
183 626 860 1
183 695 742 0
183 866 949 1
183 879 704 1
183 944 306 1
184 215 212 1
184 216 673 1
184 454 412 0
184 565 10 1
184 639 776 1
184 716 613 1
184 932 189 1
184 993 425 1
185 194 445 1
185 211 886 0
185 212 775 0
185 284 54 0
185 292 380 0
185 314 682 1
185 330 643 1
185 362 599 1
185 391 186 1
185 456 262 0
185 729 737 0
185 747 786 0
185 882 329 1
185 937 619 1
185 975 168 0
186 218 418 1
186 314 183 1
186 320 985 0
186 321 455 0
186 375 84 1
186 389 887 1
186 608 916 0
186 695 411 1
186 757 761 0
186 773 303 1
186 925 718 1
186 990 776 1
187 278 424 0
187 447 931 0
187 665 554 0
187 773 751 1
187 892 951 1
187 901 466 1
188 254 590 1
188 279 908 1
188 470 159 1
188 544 881 0
188 571 485 1
188 621 240 0
188 667 557 1
188 727 50 0
188 762 163 1
188 805 893 1
189 251 580 1
189 425 69 1
189 472 967 1
189 727 724 1
189 807 720 0
189 864 710 0
190 288 410 0
190 364 539 1
190 368 287 0
190 599 959 1
190 644 757 1
190 881 599 1
191 239 552 1
191 279 766 1
191 303 606 1
191 393 187 1
191 700 292 1
191 900 948 0
191 986 372 1
191 988 522 1
192 243 706 0
192 283 986 1
192 440 775 1
192 592 484 0
192 822 434 1
192 830 673 0
193 381 982 1
193 616 928 1
193 802 649 1
193 981 309 1
194 200 498 0
194 490 241 1
194 533 585 0
194 553 733 0
194 582 837 1
194 588 898 0
194 634 934 1
194 770 844 1
194 809 617 1
194 825 835 1
194 872 68 1
194 923 105 1
195 265 40 0
195 304 450 1
195 405 535 0
195 574 276 0
196 340 875 0
196 368 309 0
196 371 751 1
196 794 376 0
196 950 561 1
197 286 857 1
197 308 439 1
197 319 72 0
197 497 315 1
197 641 775 0
197 729 28 1
198 202 657 0
198 322 556 1
198 382 866 1
198 566 633 0
198 643 878 1
198 686 534 1
198 692 228 0
198 857 538 0
199 214 66 1
199 328 240 1
199 526 528 0
199 550 13 0
199 562 273 1
199 662 148 1
199 805 538 0
199 831 684 0
200 320 246 1
200 565 209 0
200 566 923 0
200 586 466 0
200 615 769 0
200 622 541 1
200 705 332 0
200 850 176 1
200 906 522 0
200 926 786 1
201 316 645 0
201 360 996 0
201 434 7 1
201 499 388 1
201 673 452 1
201 682 640 1
201 749 251 0
201 826 681 0
201 897 470 1
202 244 524 1
202 292 919 1
202 385 978 1
202 417 101 1
202 557 177 1
202 683 411 1
202 856 845 0
202 864 152 1
202 871 706 1
202 926 323 0
202 954 538 0
202 965 900 1
203 218 331 1
203 285 267 1
203 341 589 0
203 363 887 1
203 443 874 1
203 501 419 0
203 580 773 1
203 653 202 1
203 660 815 1
203 793 37 1
203 904 133 1
204 351 546 0
204 516 643 0
204 866 788 0
204 886 230 1
204 931 633 0
205 262 258 1
205 288 513 0
205 325 755 1
205 477 585 1
205 649 469 1
205 685 585 1
206 306 259 1
206 308 335 0
206 309 682 0
206 345 440 0
206 430 918 0
206 442 307 1
206 534 688 0
206 981 811 1
207 292 870 1
207 302 219 1
207 467 815 1
207 655 114 1
207 857 106 0
207 888 834 1
207 962 774 1
208 324 845 0
208 533 334 1
208 550 571 0
208 639 496 1
208 659 325 0
208 700 839 1
208 763 586 0
208 787 603 1
208 917 623 1
209 483 596 1
209 489 786 1
209 504 874 1
209 590 558 1
209 623 183 0
209 756 879 0
209 795 624 1
210 315 87 1
210 318 618 1
210 332 144 0
210 487 226 1
210 566 451 1
210 571 228 1
210 728 25 1
211 381 330 0
211 536 622 1
211 713 492 1
211 778 624 0
212 266 529 1
212 417 341 0
212 440 340 1
212 570 390 1
212 637 710 1
212 701 70 0
212 724 648 0
212 816 982 1
212 852 857 1
212 856 249 1
212 867 912 0
212 950 456 1
212 960 80 0
213 216 79 0
213 237 251 1
213 251 196 1
213 374 459 1
213 431 504 1
213 449 292 1
213 484 368 1
213 539 371 0
213 725 496 1
213 745 452 0
213 779 248 1
213 958 556 0
213 994 30 1
214 261 569 1
214 282 276 0
214 352 196 1
214 564 225 1
214 827 137 1
214 920 935 1
215 250 459 0
215 286 469 0
215 372 642 0
215 469 5 1
215 640 439 1
215 662 241 0
215 850 328 1
215 945 642 0
215 968 615 0
216 273 488 0
216 408 128 1
216 627 849 1
216 650 32 1
216 680 551 1
216 699 683 1
216 723 348 0
216 805 249 1
216 848 232 1
216 902 807 0
216 906 803 1
216 913 924 1
216 919 891 1
216 955 904 1
217 401 86 1
217 528 178 1
217 638 546 1
217 709 121 1
217 713 933 0
217 723 484 0
217 728 198 1
217 825 324 1
217 874 532 1
218 239 335 1
218 267 335 1
218 295 335 0
218 317 501 1
218 348 680 0
218 374 265 0
218 407 822 0
218 416 855 0
218 642 13 1
218 843 510 0
218 926 303 1
219 280 87 1
219 332 790 1
219 428 244 0
219 453 83 0
219 507 349 0
219 532 265 0
219 603 211 1
219 689 421 1
219 744 799 0
219 826 740 0
219 929 640 0
220 392 675 1
220 399 212 0
220 489 523 0
220 591 847 0
220 661 503 1
220 816 327 0
220 842 222 1
220 862 245 1
220 974 510 1
221 273 437 0
221 300 399 1
221 341 693 0
221 343 462 0
221 572 341 0
221 654 997 0
221 921 873 1
222 262 735 1
222 421 227 0
222 457 402 1
222 735 451 0
222 747 311 0
222 807 485 1
222 823 668 0
222 915 331 1
222 930 370 1
223 460 419 0
223 472 619 0
223 668 680 1
223 688 536 0
223 730 272 1
223 784 531 1
223 825 659 0
223 891 702 0
223 946 837 1
224 252 28 0
224 408 71 1
224 488 685 0
224 607 851 0
224 733 620 0
224 873 219 1
224 947 106 0
225 239 12 1
225 276 304 1
225 358 11 0
225 535 222 0
225 592 54 1
225 658 762 1
225 798 202 0
225 848 398 1
226 582 527 1
226 598 164 1
226 608 757 1
226 647 725 0
226 895 814 1
227 295 901 1
227 297 492 1
227 366 207 0
227 413 368 1
227 719 916 0
227 812 24 1
227 830 930 1
227 848 659 0
227 865 79 1
228 252 218 1
228 564 344 0
228 631 312 0
228 759 193 1
228 773 563 0
228 897 591 0
229 369 2 1
229 502 736 1
229 518 550 0
229 564 899 1
229 603 110 1
229 685 372 1
229 709 574 1
229 945 924 1
230 254 544 1
230 451 769 1
230 651 40 1
230 653 285 0
230 826 751 1
230 903 174 1
230 917 565 0
231 240 479 1
231 285 773 1
231 615 461 1
231 631 993 1
231 712 761 0
232 255 415 0
232 376 135 0
232 473 665 0
232 509 762 1
232 623 723 1
232 845 371 1
232 895 276 1
232 903 778 0
233 463 869 0
233 799 576 1
233 815 854 1
233 912 1 0
234 309 682 0
234 441 419 1
234 499 26 0
234 660 265 1
234 673 148 0
234 827 628 1
234 972 18 1
234 973 580 0
235 269 179 1
235 598 952 1
235 730 940 0
235 947 919 1
236 331 725 1
236 553 897 1
236 899 917 0
236 916 691 0
236 924 474 1
237 249 234 1
237 424 725 1
237 464 480 1
237 511 227 1
237 578 801 0
237 656 756 1
237 676 289 0
237 747 616 0
237 806 713 1
237 808 294 0
237 854 315 1
237 869 480 1
237 943 756 1
238 258 16 0
238 413 835 1
238 648 36 1
238 663 480 1
238 670 699 1
238 718 58 0
238 734 79 0
238 739 392 0
238 785 174 1
238 867 788 0
238 876 68 1
238 935 196 1
239 270 885 1
239 283 212 1
239 288 432 1
239 327 495 0
239 505 630 0
239 524 275 0
239 607 2 1
239 705 431 0
239 889 884 1
240 277 440 1
240 333 440 0
240 407 520 1
240 423 880 1
240 461 245 1
240 648 773 1
240 668 47 0
240 713 627 1
240 805 453 1
240 910 362 1
240 962 206 0
241 461 407 1
241 538 628 0
241 906 64 0
241 923 968 1
242 316 526 1
242 475 104 0
242 503 481 0
242 567 245 1
242 667 997 1
242 688 868 1
242 843 177 0
242 918 284 1
242 958 849 0
243 261 9 1
243 263 473 1
243 325 491 0
243 371 893 0
243 478 893 1
243 490 225 1
243 924 993 0
243 936 987 1
243 991 503 1
244 245 912 0
244 324 189 1
244 365 148 0
244 384 688 0
244 512 18 0
244 518 952 0
244 548 469 1
244 553 413 0
244 618 782 1
244 655 573 0
244 755 446 0
245 263 788 1
245 304 421 1
245 426 410 1
245 533 245 0
245 589 461 0
245 666 181 1
245 750 498 1
245 763 685 0
246 283 398 1
246 482 618 1
246 870 637 1
247 467 755 0
247 502 2 0
247 507 786 0
247 663 273 0
247 987 51 0
248 450 292 0
248 457 766 1
248 899 411 0
248 901 803 0
248 955 617 1
249 285 13 0
249 439 985 1
249 472 888 1
249 552 53 1
249 636 444 1
249 727 952 1
250 378 647 0
250 394 330 0
250 432 981 1
250 662 602 0
250 764 460 0
251 297 779 0
251 364 487 0
251 529 509 1
251 541 37 1
251 664 691 1
251 671 579 1
251 767 529 1
251 769 426 1
251 776 967 1
251 863 414 1
252 360 607 1
252 368 87 1
252 430 145 0
252 506 637 1
252 514 512 0
252 555 926 0
252 594 902 1
252 771 955 0
252 984 510 1
253 287 482 1
253 439 275 0
253 445 225 1
253 479 863 0
253 481 342 0
253 996 209 1
254 448 423 1
254 788 965 1
254 832 757 1
254 987 916 0
255 291 319 0
255 659 210 0
255 852 240 0
256 480 352 0
256 587 873 0
256 835 22 1
256 871 61 1
256 927 507 1
257 335 773 0
257 356 113 0
257 384 414 1
257 399 402 1
257 404 806 1
257 436 804 1
257 506 134 1
257 510 44 1
257 554 661 0
257 697 866 0
257 719 475 0
257 741 237 1
257 769 764 0
257 874 389 0
258 283 536 1
258 352 543 0
258 363 378 1
258 558 181 1
258 583 399 0
258 635 470 1
258 637 685 0
258 885 890 0
258 986 489 1
259 306 146 0
259 418 127 0
259 436 246 0
259 437 542 1
259 476 258 1
259 484 892 0
259 705 331 1
259 913 747 1
259 949 218 1
259 950 181 0
259 990 195 1
260 401 551 0
260 525 833 0
260 549 404 0
260 641 201 1
260 667 802 0
260 679 878 1
260 956 944 1
261 266 374 1
261 312 107 0
261 368 315 1
261 401 6 1
261 416 719 0
261 632 993 1
261 656 790 1
261 686 30 1
261 716 579 1
262 272 856 1
262 402 566 1
262 474 73 1
262 483 645 1
262 519 245 1
262 673 104 0
262 686 300 1
262 992 637 0
263 475 561 0
263 575 864 0
263 645 636 0
263 651 175 1
263 802 560 0
263 932 715 0
264 310 217 1
264 615 895 0
264 662 747 0
264 709 799 1
264 722 498 1
264 864 407 0
264 983 181 1
265 444 382 0
265 457 69 0
265 712 366 0
265 888 148 0
265 914 526 0
265 996 863 0
266 395 842 0
266 447 797 1
266 497 336 1
266 512 39 1
266 840 424 0
266 873 73 1
266 954 97 0
266 960 123 1
266 964 770 1
267 433 544 0
267 537 409 1
267 754 394 1
267 783 147 1
267 794 630 1
267 833 415 1
267 843 823 0
267 972 964 1
268 341 882 0
268 377 997 0
268 498 347 0
268 576 629 1
268 586 766 0
268 889 898 1
269 340 907 1
269 435 76 1
269 459 381 1
269 517 459 0
269 609 359 1
269 692 515 0
269 710 971 1
269 944 442 1
270 402 869 0
270 516 442 1
270 583 519 0
270 659 599 1
270 838 849 1
271 284 665 0
271 308 217 1
271 348 698 1
271 889 748 1
271 988 227 0
272 353 462 0
272 488 54 1
272 604 739 1
273 385 454 0
273 398 534 1
273 412 89 1
273 544 327 0
273 581 701 1
273 601 112 1
273 617 637 1
273 809 801 1
273 874 907 1
273 900 868 1
274 446 286 1
274 508 29 1
274 715 295 0
274 723 957 1
274 767 144 0
274 894 398 1
274 910 798 1
274 968 643 1
275 295 629 1
275 358 121 1
275 383 491 1
275 428 391 1
275 508 759 1
275 622 770 0
275 662 424 0
275 725 965 1
275 807 1000 1
276 292 108 1
276 317 99 1
276 339 564 1
276 703 941 0
276 704 907 1
276 709 969 0
276 781 944 0
277 457 727 1
277 520 786 1
277 648 244 0
277 709 404 1
278 321 770 0
278 392 670 1
278 565 981 1
278 739 315 0
278 886 402 0
278 899 937 0
278 994 453 1
279 358 605 0
279 439 834 0
279 486 910 0
279 505 4 1
279 521 512 0
279 938 559 1
280 292 951 1
280 344 143 1
280 349 894 1
280 357 671 0
280 442 128 1
280 467 820 0
280 531 145 0
280 684 791 1
280 716 37 1
280 722 717 0
280 810 969 1
280 844 427 1
280 912 41 1
281 436 168 1
281 616 688 1
281 617 365 1
281 678 363 1
282 392 224 1
282 409 440 0
282 503 233 1
282 664 873 1
282 869 444 1
282 933 997 0
283 312 651 1
283 448 532 1
283 462 458 1
283 471 767 0
283 573 798 1
283 629 655 1
283 817 150 0
284 533 380 1
284 584 803 1
284 697 514 1
284 702 34 1
284 925 636 0
285 362 49 0
285 434 858 0
285 552 432 0
285 555 510 0
285 571 698 0
285 624 820 1
285 702 368 1
285 708 411 1
285 719 58 0
285 744 707 0
285 832 230 1
285 855 479 0
285 885 54 0
286 459 545 1
286 831 273 0
287 293 146 1
287 343 489 1
287 356 364 1
287 359 548 0
287 437 950 1
287 573 112 0
287 673 741 1
287 691 87 1
287 763 306 1
287 957 55 0
287 960 926 1
288 293 913 0
288 325 129 1
288 331 820 0
288 604 76 0
288 761 433 0
288 970 207 1
289 426 7 0
289 532 322 1
289 544 359 1
289 739 987 1
289 839 875 1
289 974 594 1
290 490 558 0
290 954 221 0
291 298 433 1
291 380 174 1
291 490 256 0
291 548 795 1
291 652 14 1
291 678 319 1
291 681 523 0
291 750 822 0
291 809 646 1
291 914 441 0
292 411 393 0
292 596 750 1
292 702 192 1
292 731 245 0
292 742 43 1
292 970 813 1
293 490 869 0
293 545 700 1
293 606 111 0
293 759 527 1
293 849 389 1
294 313 314 1
294 360 822 0
294 372 54 1
294 381 531 1
294 387 176 0
294 408 47 0
294 484 876 1
294 495 882 1
294 535 933 0
294 741 999 0
294 929 333 1
295 348 360 0
295 470 876 1
295 505 526 1
295 547 362 1
295 582 824 1
295 642 140 0
295 710 470 1
295 739 251 1
295 782 540 1
295 824 323 0
296 392 724 1
296 498 643 0
296 579 437 0
296 634 496 1
296 692 292 1
296 748 1 1
296 847 544 1
297 326 851 0
297 354 804 0
297 383 908 1
297 484 519 1
297 500 157 0
297 626 58 0
297 716 56 1
297 815 956 0
297 857 778 1
297 862 976 0
298 326 94 1
298 664 601 1
298 674 216 0
298 797 368 0
298 830 549 0
299 333 886 1
299 373 186 0
299 400 470 1
299 444 221 1
299 504 708 1
299 571 313 1
299 664 104 1
299 718 378 1
299 758 133 0
299 961 923 0
300 326 540 1
300 611 471 0
300 986 433 0
301 403 480 1
301 808 252 1
301 822 719 0
301 900 890 1
301 935 899 1
301 942 269 1
302 337 18 1
302 386 593 0
302 505 348 1
302 567 292 0
302 582 59 1
302 594 974 1
302 778 991 1
303 478 359 1
303 558 392 0
303 875 41 0
303 928 490 0
303 964 476 1
304 719 504 0
305 415 185 1
305 518 214 1
305 652 558 1
305 706 234 0
305 730 735 1
305 795 794 1
305 858 804 1
305 889 919 1
305 912 217 1
305 985 175 0
306 417 899 0
306 729 971 1
306 734 527 0
306 760 401 1
306 765 374 1
306 842 85 0
306 918 925 0
306 935 335 1
307 429 676 1
307 503 9 1
307 545 561 1
307 556 600 1
307 645 884 1
307 773 467 0
307 794 254 1
307 848 751 1
307 880 373 0
308 341 183 0
308 420 148 1
308 435 992 1
308 613 152 1
308 803 748 0
309 377 730 1
309 515 607 1
309 546 73 0
309 739 521 1
309 959 700 0
309 998 205 1
310 347 886 1
310 380 142 1
310 392 728 0
310 409 557 1
310 507 637 1
310 578 630 1
310 633 635 1
310 759 263 1
310 933 756 1
310 961 577 0
311 330 551 1
311 359 708 0
311 654 861 1
311 718 853 0
311 827 883 1
311 932 129 0
311 943 685 1
311 977 590 0
312 384 49 0
312 486 710 0
312 543 208 0
312 782 222 1
312 790 220 1
312 862 931 1
312 891 40 1
312 905 229 1
312 977 844 0
313 321 306 1
313 398 840 0
313 446 577 0
313 467 74 0
313 607 983 1
313 844 632 0
313 881 806 1
314 354 786 0
314 385 294 0
314 398 486 1
314 489 258 1
314 521 831 0
314 522 492 0
314 752 836 1
314 772 748 1
314 867 748 0
314 893 102 0
315 493 416 1
315 508 127 1
315 531 490 1
315 593 970 1
315 652 402 0
315 824 886 1
315 825 936 1
315 956 637 1
316 744 253 0
316 999 343 0
317 327 734 0
317 366 571 1
317 556 608 1
317 590 475 0
317 626 455 1
317 671 242 1
317 746 629 1
317 767 945 1
317 832 630 1
318 356 246 1
318 718 881 1
318 745 304 1
318 773 10 0
318 840 647 1
319 483 792 0
319 676 304 1
319 752 232 1
319 936 487 0
320 356 638 0
320 477 873 0
320 561 327 1
320 743 506 1
320 779 435 0
320 926 831 0
321 583 549 1
321 851 365 1
321 905 71 1
322 505 60 1
322 524 843 1
322 577 185 0
322 703 191 1
322 737 178 1
322 775 322 0
322 783 671 1
322 868 504 1
323 587 481 1
323 837 10 1
323 925 640 1
323 958 59 1
323 969 790 0
323 989 816 1
324 512 406 1
324 612 193 0
324 626 611 0
324 652 876 1
324 680 280 1
324 730 276 1
324 786 253 1
324 864 655 0
325 439 336 1
325 517 69 1
325 870 547 0
325 875 291 1
325 889 334 1
325 892 611 1
325 911 504 0
326 419 508 1
326 558 49 1
326 652 21 0
326 884 530 1
326 965 970 0
326 966 514 0
327 357 522 0
327 371 769 0
327 487 27 1
327 543 932 0
327 650 663 0
327 665 955 1
327 707 1 1
327 813 413 1
327 878 384 1
327 904 678 1
327 912 102 0
327 972 322 1
328 388 455 1
328 401 743 1
328 446 741 1
328 482 857 0
328 487 205 0
328 606 765 1
328 705 378 1
328 792 597 1
328 853 556 1
328 964 304 1
329 435 229 1
329 465 168 1
329 628 192 1
329 666 734 1
329 683 507 0
329 799 423 1
329 983 264 0
330 473 689 0
330 518 445 0
330 531 904 1
330 820 165 1
330 859 860 1
330 940 81 0
330 990 148 1
331 546 972 1
331 657 292 1
331 751 710 1
331 775 525 1
331 926 936 1
332 346 234 0
332 348 933 1
332 369 810 1
332 555 64 1
332 609 998 1
332 668 796 0
332 724 401 1
332 766 780 1
333 374 603 0
333 489 135 1
333 568 570 0
333 682 755 1
333 830 316 1
333 898 857 1
333 975 733 0
334 372 146 0
334 410 773 1
334 592 466 0
334 756 955 1
334 761 964 1
334 784 152 1
334 853 511 1
334 862 287 0
334 877 967 1
334 916 389 1
334 942 43 1
335 359 391 0
335 641 550 1
335 844 480 0
336 552 852 1
336 569 740 1
336 639 812 1
336 839 773 0
336 841 594 1
336 898 173 1
337 494 411 0
337 558 311 1
337 662 250 0
337 846 136 1
337 899 568 1
337 957 879 1
338 433 467 0
338 599 7 1
338 616 765 0
338 678 242 1
338 922 518 1
338 971 922 1
339 586 918 1
339 696 995 1
339 754 191 0
339 853 496 1
339 859 842 1
340 517 252 1
340 717 808 0
340 825 900 1
341 417 887 1
341 516 609 1
341 533 252 1
341 561 333 1
341 658 993 0
341 709 728 1
341 782 60 1
341 972 257 1
341 993 769 1
342 511 348 1
342 739 109 1
342 749 643 0
342 863 681 1
342 964 940 1
343 544 384 1
343 693 967 1
343 853 947 1
343 958 925 0
343 974 782 1
344 386 172 0
344 466 784 1
344 693 645 1
344 731 644 0
344 912 192 0
344 914 379 0
345 475 765 1
345 489 541 1
345 593 154 0
345 625 620 0
345 712 446 1
345 835 119 1
345 836 717 1
345 902 923 0
345 927 412 0
345 930 827 0
346 394 270 1
346 484 943 1
346 551 150 1
346 552 145 1
346 570 805 1
346 792 97 0
346 913 196 0
346 920 867 0
347 390 893 1
347 410 24 1
347 472 936 1
347 549 34 1
347 592 421 1
347 705 584 0
347 895 387 0
348 516 907 0
348 823 41 1
348 866 544 1
348 899 3 1
348 921 160 0
348 994 327 1
349 388 707 1
349 406 564 0
349 410 141 0
349 450 203 0
349 534 638 1
349 535 422 0
349 673 920 1
349 785 672 0
349 855 534 0
350 612 950 1
350 825 660 0
351 396 936 1
351 462 428 0
351 618 469 0
351 757 567 1
351 795 813 0
351 885 433 1
352 673 268 0
352 835 699 1
352 854 692 0
352 932 552 1
353 359 496 0
353 453 351 0
353 485 740 1
353 518 999 1
353 551 628 0
353 560 153 1
353 762 50 0
353 787 263 1
353 938 554 1
353 967 18 1
354 415 723 0
354 446 706 1
354 689 518 0
354 720 438 1
354 760 843 1
354 879 745 0
354 947 492 0
355 386 996 0
355 529 397 1
355 602 141 0
355 617 205 0
355 681 460 1
355 703 134 0
355 730 170 1
355 844 767 0
356 413 87 0
356 707 245 0
356 922 793 1
356 932 993 1
356 990 730 1
357 908 482 0
357 945 106 1
358 374 215 1
358 378 561 1
358 534 747 1
358 646 573 1
358 657 585 1
358 677 281 0
358 776 595 1
358 788 774 0
358 845 641 1
358 983 210 0
359 484 893 1
359 511 553 0
359 628 896 1
359 761 68 1
359 789 155 0
359 846 249 1
359 946 584 1
359 966 256 1
360 409 906 0
360 440 809 0
360 569 229 0
360 750 967 1
360 881 824 1
360 930 402 1
361 448 186 1
361 452 660 1
361 551 110 1
361 602 609 0
361 631 825 1
361 710 732 1
361 743 746 1
361 769 594 0
361 932 654 1
362 624 605 0
362 677 948 1
362 694 944 0
362 724 579 0
362 725 175 1
362 977 275 1
362 983 832 0
363 383 673 1
363 400 812 0
363 462 814 1
363 496 919 1
363 518 132 1
363 645 809 0
363 700 904 1
363 702 730 0
363 826 993 0
363 890 346 1
363 998 539 1
364 385 881 1
364 387 885 1
364 462 49 1
364 491 537 1
364 542 459 1
364 579 778 1
364 674 719 0
364 775 881 1
364 859 175 0
364 930 211 0
365 420 645 1
365 449 291 1
365 612 966 0
365 638 203 0
365 677 155 0
365 758 187 1
365 821 47 0
365 851 31 0
365 908 915 1
366 454 440 1
366 593 478 0
366 653 516 1
366 767 694 1
366 987 287 0
367 544 803 1
367 655 574 1
367 724 361 1
367 880 446 0
367 943 512 1
367 963 755 1
368 398 243 1
368 424 440 0
368 474 190 1
368 482 666 1
368 710 493 1
368 755 672 0
368 789 450 1
368 883 802 1
368 907 829 0
369 848 614 0
369 867 587 0
369 892 994 1
369 966 387 1
370 434 174 1
370 461 283 1
370 928 412 1
370 975 179 1
370 987 989 1
371 395 566 0
371 445 547 1
371 508 343 1
371 580 666 1
371 646 441 0
371 710 145 0
371 799 13 1
372 519 168 1
372 663 632 0
372 903 920 1
373 444 418 1
373 747 328 0
373 769 476 1
373 804 249 1
373 914 766 0
374 547 403 0
374 563 625 1
374 867 14 1
374 910 559 0
375 634 744 0
375 649 589 1
375 661 565 0
376 552 764 1
376 566 774 0
376 747 705 1
376 755 179 0
377 394 628 1
377 534 461 0
377 552 232 1
377 848 303 1
377 872 810 1
378 432 956 0
378 653 274 0
379 530 493 1
379 600 284 0
379 706 645 0
379 777 148 0
379 871 884 1
379 903 241 1
379 970 55 1
380 437 402 1
380 440 950 1
380 454 166 1
380 537 890 1
380 654 643 1
380 785 658 1
381 394 810 0
381 697 16 1
381 737 398 1
381 787 715 1
381 946 680 1
382 424 790 0
382 528 64 1
382 581 44 1
382 612 829 0
382 801 3 1
382 814 182 1
382 828 900 1
382 993 859 1
383 392 827 1
383 394 416 1
383 438 390 0
383 525 780 1
383 681 423 1
383 800 606 0
384 480 675 1
384 508 852 0
384 655 631 1
384 662 345 0
384 743 738 1
385 403 82 1
385 477 596 1
385 604 161 1
385 796 199 1
385 987 545 1
386 571 661 1
386 729 212 1
386 783 743 1
386 796 431 1
386 829 372 1
387 419 843 1
387 748 227 0
387 808 536 1
387 843 311 0
388 762 871 0
388 988 337 0
389 443 841 1
389 531 70 0
389 630 783 0
389 638 749 1
389 679 186 1
389 688 701 0
389 927 964 0
390 418 127 1
390 442 839 0
390 527 173 1
390 927 858 0
391 474 852 1
391 534 511 1
391 586 280 1
391 697 144 0
391 917 181 1
391 927 600 0
391 987 160 0
392 445 870 1
392 482 785 1
392 581 189 0
392 588 782 0
392 686 883 1
392 753 119 0
393 398 597 1
393 474 885 1
393 503 699 1
393 539 190 1
393 566 292 1
393 629 941 1
393 699 790 0
394 402 191 0
394 496 229 1
394 511 342 1
394 563 766 1
394 903 719 0
395 428 946 0
395 690 916 1
395 989 320 1
396 450 541 1
396 514 541 1
396 683 123 0
396 804 147 0
396 880 27 1
396 926 168 1
396 929 400 1
396 942 740 0
397 613 611 0
397 712 144 0
397 771 834 0
397 789 900 1
397 847 36 1
397 859 520 1
397 882 175 1
397 914 956 0
397 930 267 0
398 518 728 1
398 694 768 0
398 717 243 0
398 823 340 1
398 828 509 0
398 894 783 0
399 539 382 1
399 709 519 1
399 986 902 0
400 442 174 1
400 735 492 1
400 815 96 1
400 951 836 1
401 440 811 0
401 650 665 1
401 690 789 1
401 825 648 1
402 484 998 0
402 496 286 0
402 650 286 1
402 679 585 1
402 795 732 1
403 520 347 0
403 595 347 1
403 643 521 0
403 808 602 0
404 610 78 1
404 820 544 0
404 821 143 0
404 906 868 0
404 959 882 0
405 438 9 1
405 556 45 1
405 728 572 0
405 776 593 1
405 806 59 1
405 813 226 0
405 917 480 1
405 966 297 1
405 970 878 1
406 463 882 1
406 485 123 0
406 531 292 0
406 668 855 0
406 716 126 0
406 811 846 0
406 921 333 1
406 984 311 1
407 433 103 1
407 626 652 1
407 804 689 0
407 973 33 1
408 427 390 1
408 668 633 1
408 698 549 1
408 761 279 0
409 435 587 1
409 584 951 1
409 623 390 0
409 710 455 1
409 771 927 1
409 877 722 0
410 612 12 0
410 650 463 0
410 704 896 1
410 713 958 0
410 847 488 1
410 863 681 1
410 886 428 0
410 897 6 1
411 412 394 1
411 524 147 0
412 659 992 0
412 762 32 0
412 787 60 1
412 832 254 1
412 848 300 1
412 939 729 1
412 961 942 1
413 438 750 1
413 440 593 0
413 549 753 0
413 551 396 0
413 564 366 0
413 607 576 1
413 723 746 1
413 776 819 1
413 849 809 1
413 906 134 0
414 480 973 0
414 545 99 1
414 800 159 0
414 903 552 0
414 941 423 1
415 452 180 1
415 787 74 1
415 855 248 0
416 825 164 1
416 903 18 0
416 942 241 0
417 539 122 1
417 615 633 1
417 707 100 1
417 780 178 1
418 495 765 1
418 594 698 0
418 612 236 0
418 673 906 1
418 857 663 1
418 863 99 0
418 939 838 1
419 477 191 1
419 479 969 1
419 662 351 0
420 567 446 1
420 729 649 0
420 770 387 0
420 778 371 0
420 808 732 1
421 448 456 0
421 496 862 0
421 533 985 1
421 771 523 1
421 857 697 1
421 896 775 0
422 437 168 0
422 467 931 0
422 586 114 1
422 706 214 1
422 827 821 0
422 856 394 1
423 522 86 1
423 812 497 1
424 628 583 0
424 697 173 0
424 878 837 1
424 896 912 1
424 959 162 1
425 445 844 1
425 570 617 0
425 784 750 1
425 886 145 0
425 917 373 1
426 569 128 0
426 609 426 1
426 617 434 0
426 745 213 0
426 780 52 0
426 805 699 1
426 819 126 0
426 832 472 1
426 868 444 1
426 885 668 0
426 953 928 1
426 988 336 1
427 486 998 1
427 755 592 1
428 491 829 1
428 628 801 0
428 680 221 1
428 711 675 1
428 713 705 1
428 747 330 1
428 835 814 1
428 836 558 1
428 868 298 1
428 988 79 0
429 500 30 1
429 517 630 0
429 536 930 1
429 618 994 0
429 671 917 0
429 888 84 0
429 909 950 0
429 951 391 1
429 993 806 1
430 468 522 1
430 604 813 0
430 659 401 1
430 834 662 1
430 838 842 0
431 535 434 1
431 560 410 0
431 701 647 0
431 713 233 1
431 791 779 1
431 854 196 1
431 906 457 0
432 578 454 1
432 616 855 0
432 649 257 0
432 850 48 1
432 923 654 0
432 926 193 0
433 472 939 0
433 477 713 1
433 532 530 0
433 563 823 0
433 695 8 0
433 784 270 1
433 912 441 1
433 952 544 1
433 970 775 0
433 981 573 1
434 552 223 0
434 575 200 1
434 590 503 1
434 757 973 1
434 775 854 0
434 940 943 1
435 449 749 1
435 470 437 1
435 472 944 1
435 659 9 0
435 724 146 1
435 871 778 1
435 874 614 1
436 522 678 1
436 559 208 1
436 570 275 0
436 589 387 0
436 669 47 0
436 671 680 0
436 724 835 0
436 764 92 1
437 478 839 0
437 502 827 1
437 748 394 0
437 958 11 1
438 558 590 0
438 713 128 1
438 789 683 1
438 848 116 0
438 885 173 1
439 582 253 1
439 587 279 1
439 621 111 1
439 636 704 0
439 731 353 0
439 752 452 0
439 847 854 1
440 520 823 0
440 553 537 0
440 650 125 1
440 672 497 1
440 687 791 0
440 746 284 0
440 949 81 1
441 513 613 1
441 695 498 1
441 773 656 0
441 823 503 0
441 981 114 1
441 993 178 1
443 801 165 0
444 493 967 1
444 613 909 1
444 620 623 0
444 711 113 1
444 797 512 1
444 811 501 0
444 812 383 1
444 821 274 0
444 892 602 0
444 969 662 0
445 471 256 1
445 497 372 0
445 776 386 0
445 914 782 1
445 939 602 1
445 982 992 1
446 535 874 1
446 614 613 1
446 767 544 1
446 818 910 1
446 916 358 1
446 965 407 0
447 526 931 1
447 648 543 1
447 677 780 1
447 739 628 0
447 877 221 1
447 926 573 0
447 956 673 1
448 541 37 1
448 647 389 1
448 713 864 0
448 879 888 1
449 546 311 0
449 550 695 1
449 567 840 1
449 628 233 1
449 646 287 1
449 675 776 1
449 734 826 0
449 971 565 0
450 783 570 0
450 807 268 0
450 835 758 0
450 888 419 0
450 961 567 0
451 454 112 0
451 562 863 1
451 754 984 0
451 842 926 1
452 479 313 1
452 653 908 1
452 714 122 1
452 801 345 1
452 863 126 0
453 546 424 1
453 586 595 1
453 899 257 1
453 951 157 0
454 553 154 0
454 556 654 0
454 711 253 1
454 712 309 1
454 723 723 0
454 742 641 1
454 838 414 1
454 844 386 0
454 873 246 1
455 464 307 1
455 561 24 1
455 838 907 1
456 524 917 1
456 679 27 0
456 958 100 1
457 596 672 1
457 796 840 1
457 854 982 1
458 481 23 1
458 581 295 1
458 595 879 1
458 747 302 0
458 905 813 1
458 977 646 1
459 475 31 1
459 533 514 1
459 617 215 0
459 641 526 1
459 742 535 1
460 584 52 0
460 603 509 0
460 626 464 1
460 744 723 1
460 856 565 1
461 656 868 0
461 765 791 1
461 857 250 1
462 470 89 1
462 753 769 1
462 776 828 0
462 791 583 0
463 698 119 1
463 873 652 1
463 982 487 1
464 471 964 0
464 590 583 1
464 773 157 1
464 892 355 1
465 522 240 1
465 543 908 1
465 679 628 1
465 970 266 0
466 592 267 1
466 631 510 1
466 689 725 1
466 710 395 1
466 734 297 0
466 755 6 1
466 820 420 1
466 831 754 1
466 856 147 1
466 889 906 1
467 473 931 1
467 479 806 1
467 590 509 1
467 638 616 1
467 866 690 0
467 888 120 1
467 909 866 0
467 929 241 1
468 533 385 1
468 545 778 0
468 656 582 1
468 754 409 1
468 807 796 1
468 808 936 0
469 535 14 1
469 622 30 0
469 678 464 0
469 719 502 1
469 794 775 1
469 869 759 1
469 912 793 0
469 953 411 1
469 964 780 1
470 617 931 0
470 675 620 0
470 725 967 1
470 839 756 1
470 871 10 0
470 875 357 1
471 667 823 1
471 781 734 0
471 823 488 0
471 840 579 0
471 939 33 1
472 560 491 1
472 586 795 1
472 760 2 1
473 525 232 0
473 672 397 0
473 812 940 1
473 814 150 1
473 953 278 0
473 965 443 1
474 676 191 1
474 681 746 0
474 683 816 0
474 688 887 1
474 718 234 0
474 734 451 0
474 786 631 0
474 860 845 1
474 983 518 0
475 509 631 1
475 779 695 1
475 858 103 1
475 913 389 1
476 665 464 0
476 905 831 0
476 924 744 1
477 547 518 1
477 826 237 1
477 922 413 0
478 577 75 1
478 633 531 1
478 669 340 1
478 869 800 0
479 481 607 1
479 541 729 1
479 600 82 1
479 842 299 1
479 845 344 0
479 915 935 1
480 640 471 0
480 667 610 0
480 734 420 1
480 735 150 1
480 750 153 0
480 945 838 0
481 518 648 1
481 603 268 0
481 913 353 1
482 538 211 0
482 634 83 0
482 729 341 1
482 906 300 1
482 924 732 1
482 952 550 1
483 558 940 0
483 880 187 1
483 991 864 1
484 499 208 1
484 600 75 1
484 669 355 0
484 721 190 1
484 809 211 0
484 925 857 1
484 966 189 0
485 636 322 0
485 811 455 1
486 524 537 0
486 642 707 0
486 731 290 1
486 875 847 1
487 537 541 0
487 556 328 1
487 620 938 0
487 624 998 0
487 635 565 1
487 723 734 1
487 802 469 1
487 914 403 0
488 550 830 0
488 607 743 0
488 642 659 1
489 495 996 1
489 640 213 1
489 689 672 0
489 784 222 1
490 650 518 1
490 736 744 1
490 834 177 1
490 919 113 0
490 943 179 1
491 540 623 1
491 618 195 1
491 685 342 1
491 710 168 1
491 729 772 0
491 731 716 1
491 766 806 1
491 786 611 1
491 788 126 0
491 836 41 0
492 615 624 1
492 639 489 0
492 644 346 0
492 670 919 1
492 865 441 1
492 967 507 1
493 510 34 0
494 716 161 0
494 774 972 1
494 790 609 1
494 891 630 0
495 518 95 1
495 604 531 1
495 625 522 1
495 690 783 0
495 765 678 0
495 880 913 1
495 904 576 0
495 950 662 1
496 537 117 1
496 542 113 0
496 547 913 1
496 745 714 0
496 766 920 1
496 799 334 0
496 835 169 1
496 948 254 1
496 964 228 0
496 977 210 1
497 506 408 0
497 643 491 0
497 839 415 0
498 631 843 0
498 690 399 1
498 698 3 0
498 717 645 1
498 953 873 1
499 696 984 0
499 817 779 0
499 968 704 1
500 631 937 1
500 694 907 1
500 744 819 1
500 780 199 0
500 849 513 0
500 909 341 1
500 986 899 0
501 515 361 0
501 818 596 1
501 824 695 1
501 825 769 1
501 844 353 1
501 859 942 1
501 960 559 0
502 510 662 0
502 592 418 0
502 649 184 0
503 603 6 0
504 542 657 1
504 631 460 1
504 782 860 1
504 856 311 1
504 907 901 0
504 952 706 1
505 602 198 1
505 715 119 0
505 745 544 1
505 826 248 1
505 851 331 1
506 582 477 1
506 627 775 0
506 946 688 1
507 776 873 0
507 845 558 1
507 960 443 1
508 641 170 0
508 835 522 0
508 860 205 0
508 989 166 0
509 560 205 1
509 586 907 0
509 750 732 1
509 757 788 1
509 781 279 1
509 807 954 1
509 876 392 1
510 611 3 1
510 661 709 0
510 752 838 0
510 815 637 1
510 837 333 0
510 940 185 1
511 567 611 1
511 665 284 1
511 740 177 0
511 761 975 1
511 857 709 0
511 900 237 0
512 541 949 1
512 553 643 1
512 555 502 1
512 652 56 1
512 662 447 1
512 707 840 1
512 788 952 0
512 888 591 1
512 937 395 0
513 536 576 1
513 593 959 1
513 612 778 0
513 771 832 1
514 588 390 1
514 768 761 0
514 786 316 1
514 968 805 0
515 576 590 1
515 647 194 1
515 906 299 1
515 929 307 1
516 587 690 0
516 651 234 1
516 732 158 1
516 873 393 1
517 541 34 1
517 562 34 0
517 602 372 1
517 624 662 0
517 639 997 1
517 781 315 0
517 974 547 1
518 601 452 0
518 813 190 1
518 870 572 0
519 672 835 0
519 728 672 1
519 731 715 1
519 736 522 0
519 769 295 0
519 855 37 1
519 862 702 0
520 694 443 0
520 727 501 1
520 746 35 1
520 893 162 1
521 569 178 0
521 624 218 0
521 862 296 0
522 552 584 1
522 816 629 1
522 824 776 1
522 912 87 0
523 627 121 1
523 635 231 1
523 710 383 1
523 862 850 1
524 743 389 0
524 758 619 1
524 933 407 0
524 953 964 1
524 991 482 1
525 690 854 1
525 735 980 1
525 840 448 1
525 863 222 0
525 986 814 1
526 641 375 1
526 757 628 1
527 566 656 1
527 772 735 0
527 796 494 0
527 956 665 0
528 874 869 0
528 928 353 1
528 939 257 1
529 662 822 0
529 678 581 0
529 769 231 0
529 787 369 0
529 882 407 0
529 895 206 0
529 966 515 0
529 990 118 1
530 582 187 1
530 584 164 0
530 631 569 1
530 664 6 1
530 826 734 1
530 845 899 1
530 947 755 1
530 962 825 0
531 561 824 1
531 696 54 1
531 745 570 1
531 843 66 1
531 979 311 1
532 557 251 0
532 597 769 0
532 667 961 0
532 855 607 1
532 878 175 1
533 560 712 0
533 568 84 1
533 910 159 1
534 547 793 0
534 594 124 0
534 636 527 1
534 654 494 0
534 658 593 0
534 783 885 1
534 799 139 0
534 870 875 0
534 924 790 0
534 934 254 1
534 939 14 0
534 963 715 0
535 684 500 1
535 715 161 1
535 769 822 1
535 954 971 1
536 852 286 1
536 960 194 0
537 694 380 0
537 722 927 1
537 885 250 1
537 908 101 1
538 608 419 0
539 574 694 1
539 676 129 0
539 728 99 0
539 815 506 0
539 866 682 0
539 890 919 1
539 928 815 1
539 931 770 0
539 933 739 0
539 991 337 1
539 996 977 0
540 817 850 0
540 928 438 1
540 938 59 0
541 657 317 0
541 696 95 0
541 750 238 0
541 954 418 0
543 554 665 1
543 657 118 1
543 760 135 0
543 801 561 1
543 833 577 0
543 871 898 1
544 548 378 0
544 564 872 1
544 587 359 1
544 697 325 0
544 745 300 1
544 760 555 0
544 853 100 1
545 554 388 1
545 627 372 1
545 645 806 1
545 767 504 1
545 783 50 1
545 875 743 0
545 918 350 1
546 798 951 1
546 988 522 0
547 562 523 1
547 573 928 0
547 583 725 1
547 628 559 1
547 639 212 1
547 663 975 1
547 676 201 1
547 717 132 0
547 782 834 1
547 969 27 1
547 998 270 0
548 661 963 0
548 959 62 1
549 611 183 1
549 708 175 0
549 858 390 0
549 859 510 1
549 891 878 1
549 938 888 0
550 590 80 1
550 603 717 0
550 760 970 0
550 817 643 1
550 840 342 0
551 831 894 0
552 589 745 1
552 738 258 1
552 756 842 1
552 763 283 0
552 861 252 0
552 883 734 1
552 900 666 0
552 944 973 1
553 603 296 1
553 664 748 0
553 999 766 1
554 736 334 0
554 740 74 1
554 756 188 0
554 827 81 1
554 883 217 1
555 752 260 1
555 838 761 1
555 901 995 1
556 721 84 0
556 858 607 1
557 675 63 1
557 709 469 1
557 798 621 0
557 990 83 0
558 561 523 0
558 596 885 1
558 608 413 0
558 776 930 1
559 587 667 1
559 607 847 1
559 666 430 1
559 735 920 1
559 834 242 0
559 953 157 0
560 672 424 0
560 821 953 0
561 731 851 0
561 764 84 1
561 814 600 1
561 886 611 0
561 958 634 1
562 658 885 0
562 922 338 0
562 952 3 1
563 600 603 0
563 619 710 1
563 621 633 1
563 631 796 1
563 717 24 1
563 741 273 1
563 746 152 1
563 864 865 1
564 581 702 0
564 596 441 1
564 804 88 1
564 816 946 1
564 881 264 1
564 932 38 0
564 986 552 0
565 911 612 1
565 933 469 1
565 964 177 1
566 675 294 1
566 694 499 1
566 727 184 1
566 834 319 0
566 972 283 0
567 668 304 0
567 773 727 0
568 790 834 0
568 865 979 1
569 742 538 1
569 766 665 1
570 578 897 1
570 601 707 1
570 752 602 0
570 778 787 0
570 841 937 1
570 974 15 1
571 583 607 1
571 862 615 1
572 823 402 1
572 827 23 1
572 935 56 1
572 956 941 1
573 600 279 1
573 652 151 1
574 583 152 1
574 704 283 0
574 717 630 1
574 786 426 0
574 800 226 1
575 578 813 1
575 608 789 1
575 717 555 1
575 726 779 1
575 913 573 0
576 581 596 0
576 670 915 0
576 858 546 1
576 873 751 1
577 635 248 1
577 669 510 1
577 782 565 0
578 798 454 0
578 818 736 0
578 997 262 1
579 597 835 0
579 604 312 0
579 616 628 0
579 645 613 0
579 750 141 0
579 765 834 1
579 896 534 1
579 945 610 0
579 975 276 0
579 997 581 1
580 587 670 1
580 747 660 1
580 774 83 1
580 786 257 1
580 892 416 1
581 598 609 1
581 701 209 1
581 752 258 1
581 792 284 0
581 863 64 0
581 973 85 0
582 619 52 1
582 778 209 0
582 830 533 0
582 838 565 0
582 848 435 1
583 821 118 1
584 700 695 1
584 772 197 1
584 831 55 1
584 975 499 0
585 689 313 0
585 782 533 1
585 792 908 0
585 831 728 0
585 911 409 1
585 989 503 1
586 647 279 1
586 887 43 1
586 950 216 1
587 590 530 1
587 769 119 1
587 789 540 1
587 828 864 1
587 894 830 1
587 951 969 1
587 956 473 1
587 989 27 0
588 614 126 1
588 713 956 1
588 728 301 0
588 791 186 0
589 630 63 1
589 647 49 0
589 661 153 1
589 685 131 0
589 766 458 1
589 824 355 1
589 917 576 1
589 985 115 1
590 737 343 1
590 815 643 0
590 982 596 0
591 637 337 1
591 692 808 1
591 711 300 0
591 742 816 0
591 746 848 1
591 936 338 1
591 957 820 0
592 692 149 1
592 821 33 1
592 917 533 1
592 923 244 1
593 692 828 1
593 861 747 0
593 975 914 1
594 791 776 0
594 967 525 0
594 972 592 1
594 977 990 0
595 615 448 0
595 854 147 1
595 960 259 1
596 611 51 1
596 767 896 1
596 800 149 1
596 900 874 1
597 608 758 0
597 618 862 1
597 635 592 1
597 714 644 1
597 822 533 1
597 876 320 0
598 937 856 0
599 660 981 1
599 761 773 1
599 813 388 0
599 884 288 1
600 796 590 1
600 856 602 1
601 752 783 0
601 871 987 1
601 908 744 1
601 924 646 0
602 715 929 1
602 754 467 0
602 787 530 0
602 815 864 1
602 837 603 1
602 916 728 0
602 953 849 1
602 962 772 0
602 988 129 1
603 656 609 0
603 670 754 0
603 781 538 1
603 885 817 0
603 984 788 0
604 689 64 0
604 785 34 1
604 806 150 1
604 967 618 1
604 998 665 0
605 700 577 0
605 791 37 1
605 863 913 0
606 650 729 1
606 733 493 0
606 802 729 1
606 828 409 1
606 912 358 1
607 617 932 0
607 634 712 1
608 725 98 1
608 835 876 1
608 855 741 1
609 610 755 1
609 615 868 1
609 665 88 1
609 683 104 1
609 906 834 1
609 983 465 1
610 803 663 1
610 814 877 1
610 826 803 0
610 871 39 1
610 938 949 1
610 943 538 0
611 646 978 0
611 676 946 1
611 710 887 1
611 839 241 1
611 865 652 1
611 874 680 1
611 932 534 1
612 691 831 0
612 768 299 1
612 803 337 0
612 849 888 1
612 871 235 0
613 727 564 1
613 802 922 0
613 803 231 1
613 966 43 0
613 995 319 0
614 651 65 0
614 741 758 1
614 804 845 1
614 809 476 1
614 970 325 1
614 987 1 0
615 763 70 1
615 843 403 0
615 927 183 1
615 955 100 1
615 964 696 0
616 758 689 1
616 881 648 0
616 959 612 1
617 651 307 0
617 689 862 1
617 738 47 1
617 749 619 0
617 774 79 1
617 848 181 0
617 859 830 0
617 881 677 1
617 981 645 1
619 668 180 0
619 749 145 0
619 955 602 1
620 963 721 1
621 825 631 1
621 874 477 1
621 999 180 0
622 657 313 1
622 736 933 1
622 805 157 1
622 894 682 0
623 875 423 1
623 921 959 1
623 929 622 1
623 963 476 0
624 634 331 0
624 778 306 0
624 866 840 0
624 877 712 1
624 923 774 1
624 941 664 1
625 692 925 0
627 647 817 1
627 693 512 1
627 753 115 0
627 869 981 1
627 969 463 0
628 684 136 0
628 692 30 1
628 700 560 1
628 737 385 1
628 857 501 1
629 668 829 1
629 933 295 0
629 974 749 0
630 700 776 1
630 806 717 1
631 700 127 0
631 725 821 0
631 799 505 0
631 800 894 1
631 889 305 1
631 923 131 1
631 924 833 1
632 646 854 1
632 699 393 1
632 702 726 1
632 755 278 0
632 947 669 1
633 900 363 0
634 641 2 0
634 647 248 1
634 741 867 1
635 767 211 1
635 803 809 0
636 657 754 1
636 975 470 1
637 872 276 0
637 903 968 0
638 688 664 1
639 710 461 1
639 839 358 0
639 855 24 1
639 871 66 1
639 968 813 1
640 661 779 0
640 715 36 1
640 776 574 1
640 831 564 1
640 911 510 1
640 924 616 0
640 982 792 0
641 827 60 0
641 894 793 1
641 931 226 1
641 943 793 1
642 837 9 1
642 850 478 0
642 903 360 1
642 940 263 1
643 775 243 0
643 777 733 1
643 843 41 1
643 969 279 0
644 914 31 0
644 935 214 1
645 855 615 0
645 863 74 0
646 727 703 1
646 757 837 1
647 650 548 1
647 693 205 0
647 846 390 1
648 652 767 0
648 681 171 1
648 701 445 0
648 813 492 1
648 819 617 0
648 882 195 1
649 732 225 1
649 781 973 0
649 861 765 1
650 657 161 1
651 704 304 0
651 739 679 1
651 753 279 0
651 820 453 0
651 968 594 1
652 721 470 0
652 727 852 1
652 755 704 0
652 759 115 1
652 768 808 1
652 843 499 0
652 856 51 0
653 660 282 1
653 717 131 1
653 763 726 0
653 778 812 1
653 801 506 1
653 844 976 1
653 904 760 0
653 945 276 0
654 823 632 1
654 884 145 1
654 920 734 1
654 931 395 1
654 950 131 1
656 708 724 0
656 721 931 1
656 772 532 1
656 802 510 1
656 837 784 1
656 931 267 1
657 671 981 0
657 894 760 1
657 960 328 1
657 976 676 0
658 722 1 0
658 786 225 1
658 868 985 0
658 922 640 0
658 998 668 1
659 679 463 1
659 731 808 1
659 818 678 0
659 824 587 0
659 947 747 1
661 734 224 0
661 867 321 0
661 905 729 0
662 804 602 0
662 878 488 1
662 941 545 1
662 944 406 0
662 951 150 1
662 961 223 1
664 768 385 0
664 813 656 1
664 830 813 0
666 747 414 1
666 977 107 0
667 674 61 0
667 826 507 1
668 828 871 0
668 918 129 0
668 971 647 1
669 739 371 1
669 974 485 0
670 702 251 1
670 754 973 1
670 758 783 1
670 769 591 1
670 770 140 0
670 824 939 1
670 917 924 0
670 993 107 0
671 690 690 1
671 697 787 0
671 928 692 0
671 996 419 1
672 729 127 0
672 743 287 1
672 789 478 1
673 743 377 0
673 830 566 1
673 956 220 0
674 711 18 1
674 771 499 1
674 793 876 0
674 815 265 1
674 938 411 1
675 691 684 1
675 789 763 1
675 899 217 1
675 968 503 0
677 722 269 1
677 759 67 1
678 750 699 1
679 682 551 1
679 697 453 0
679 761 538 0
679 838 339 1
679 860 776 1
679 862 978 0
679 939 218 1
679 986 123 0
680 724 329 1
680 818 663 0
680 998 295 0
681 732 392 0
681 972 699 1
682 906 948 0
684 722 842 1
684 820 655 0
684 924 44 1
685 981 537 0
685 986 700 1
686 702 837 0
686 866 960 1
686 884 779 1
687 691 141 0
687 743 733 0
687 773 165 1
688 690 630 1
688 817 780 0
689 836 300 0
689 901 573 1
689 911 141 1
690 883 374 1
691 783 146 1
691 839 888 0
691 882 321 0
691 957 925 0
691 958 139 1
692 713 582 1
692 858 768 0
693 750 127 0
693 825 315 1
695 857 309 1
695 898 884 1
696 698 214 1
696 703 494 1
696 710 531 1
696 743 857 1
696 771 16 1
696 774 384 1
696 861 644 1
696 881 127 1
696 931 328 1
696 963 531 0
697 732 461 1
697 736 970 1
697 740 659 1
697 849 140 0
697 901 167 0
697 902 45 1
698 772 125 0
698 839 642 1
698 903 531 0
698 909 770 0
698 929 208 0
699 721 314 1
699 738 548 0
699 937 326 1
700 823 372 1
700 850 348 0
701 758 241 0
701 843 51 1
701 988 331 1
703 801 94 0
703 805 709 0
703 844 140 1
703 932 612 0
704 823 27 1
704 914 643 0
704 928 119 1
705 750 135 1
705 752 955 1
705 779 343 0
705 864 805 0
705 923 981 1
706 714 755 1
706 746 597 0
706 896 210 1
706 913 583 1
708 850 359 1
708 854 812 1
708 894 246 0
709 973 250 1
710 872 270 1
711 801 380 1
711 874 939 1
711 886 625 1
711 901 951 0
712 829 349 1
712 884 805 1
713 734 942 0
713 756 431 0
713 890 410 0
715 743 441 0
715 744 96 1
715 797 42 0
715 938 585 0
715 946 503 0
717 788 192 0
717 882 825 0
717 995 310 1
718 808 438 0
718 974 521 0
718 987 526 1
719 745 850 0
719 749 284 1
719 966 351 0
720 801 150 0
720 916 120 1
721 950 54 1
721 952 412 1
721 973 553 1
722 773 356 0
722 776 952 1
722 802 394 0
723 795 746 1
723 811 483 1
723 844 700 1
724 730 179 1
724 808 472 0
724 885 125 1
724 897 489 1
724 922 404 1
725 732 625 0
725 808 959 1
725 982 541 1
726 760 582 1
726 815 608 0
726 887 690 0
726 931 816 1
728 899 144 1
729 745 825 0
729 917 764 1
730 919 556 1
730 920 574 0
730 960 928 1
731 946 685 1
731 971 586 0
731 992 38 0
733 826 321 0
734 834 147 1
734 855 560 1
734 881 506 1
734 916 743 1
734 931 753 0
734 932 918 1
734 962 129 0
735 950 691 1
735 964 485 1
738 746 949 1
738 751 49 1
739 751 920 1
739 950 444 0
739 975 847 1
740 747 184 1
740 867 379 0
740 898 874 0
741 819 258 0
741 883 792 0
741 937 835 1
742 749 622 1
742 872 324 0
742 944 7 0
744 793 533 1
744 955 15 1
745 782 907 1
745 822 614 1
746 800 70 1
746 810 541 1
746 878 217 1
747 769 381 1
747 811 709 0
747 900 323 1
747 933 163 0
747 939 375 0
748 768 102 1
748 823 92 0
748 927 767 0
748 987 368 1
749 805 285 0
749 814 286 1
750 755 43 1
750 875 129 0
751 838 927 0
752 886 143 1
753 933 777 1
755 846 926 0
755 866 885 1
756 803 166 1
756 862 38 1
756 928 12 0
756 980 642 0
757 898 769 0
757 932 113 1
758 811 671 0
758 919 465 0
758 994 379 1
759 863 990 1
759 935 517 0
760 784 388 1
761 790 681 1
761 804 551 1
761 826 554 1
761 839 386 1
761 849 921 0
761 953 861 1
762 783 248 1
762 801 329 0
762 835 112 1
762 856 81 0
762 859 377 0
763 910 600 1
763 960 417 1
764 914 584 1
764 939 883 0
765 819 628 1
766 829 551 1
766 874 773 1
766 887 306 0
766 935 783 0
766 974 162 1
767 806 211 0
767 836 323 0
767 994 852 0
768 773 184 0
768 803 892 1
768 948 667 1
769 954 77 0
770 869 332 1
770 995 327 1
771 812 152 1
771 881 279 0
771 883 897 0
771 888 986 1
771 916 792 0
771 943 751 0
772 810 230 0
772 880 112 1
772 957 11 0
772 981 224 1
773 859 974 1
773 875 159 0
773 899 885 1
773 904 329 0
773 980 238 1
774 933 560 1
775 900 567 1
775 942 510 1
775 974 15 0
776 917 87 1
777 933 172 1
777 987 634 1
778 852 207 0
778 954 336 0
779 812 243 0
779 898 396 1
780 859 737 1
780 914 748 1
780 958 507 1
781 790 662 0
781 794 983 0
781 878 401 0
781 916 486 1
782 817 582 1
782 825 738 1
782 868 250 0
782 884 350 1
783 797 74 1
783 857 67 1
784 808 8 1
784 850 337 1
784 917 99 1
784 998 73 1
785 848 496 0
785 908 983 1
785 958 9 0
786 852 427 0
786 860 705 0
787 922 147 0
788 908 730 1
788 992 345 1
789 807 130 1
790 867 761 0
790 935 593 1
790 966 313 1
791 809 954 1
791 969 388 1
791 984 941 0
792 799 950 0
792 816 173 1
792 835 415 1
792 854 412 0
792 904 588 1
794 885 635 1
795 809 192 1
795 824 797 0
795 854 166 1
796 817 21 0
796 830 100 1
796 834 965 0
798 873 264 1
798 880 978 1
799 831 452 0
799 848 742 1
799 942 434 1
800 951 671 1
801 923 649 1
801 932 826 0
802 904 630 1
803 826 96 0
803 943 819 1
804 887 145 0
804 923 955 0
805 919 564 0
806 819 984 1
806 901 93 1
806 970 504 0
807 868 751 1
807 918 772 1
808 825 54 1
808 837 61 1
808 985 212 1
808 992 111 0
809 904 274 1
809 913 553 0
811 889 886 1
813 879 957 0
815 867 775 1
815 870 589 0
815 878 157 1
815 948 326 0
816 838 617 1
817 837 544 0
818 847 801 0
819 875 275 0
820 826 731 1
820 855 806 1
820 865 673 0
820 887 289 0
820 919 913 1
822 852 655 0
822 905 74 1
822 923 737 1
822 952 402 1
823 889 762 1
823 890 57 0
824 865 794 1
824 896 865 1
825 913 976 1
827 973 782 0
829 935 704 1
830 936 902 1
831 916 389 0
831 984 598 1
832 906 59 0
833 860 19 0
833 902 102 1
833 937 922 1
834 877 999 0
835 854 1 0
835 930 779 1
835 941 24 1
835 981 664 0
836 870 760 0
836 956 15 0
837 878 232 1
838 881 892 0
838 983 95 1
838 990 871 1
838 996 792 0
839 915 794 1
840 937 149 1
841 901 851 1
842 875 506 0
842 898 276 0
843 870 556 1
844 895 633 1
844 931 279 0
846 851 503 1
846 868 253 1
846 870 200 0
846 907 23 0
846 954 564 1
846 980 750 1
849 857 751 0
849 922 712 0
849 926 473 1
850 854 192 1
850 887 139 0
850 896 303 0
850 903 29 0
850 904 925 1
850 986 129 0
852 888 933 1
852 992 324 1
853 906 998 1
853 920 688 1
853 985 149 0
854 919 861 1
855 880 151 1
856 932 328 1
856 975 41 1
857 882 139 1
857 974 790 1
857 988 278 1
858 921 98 0
859 929 594 1
860 879 918 1
860 913 167 0
861 865 373 0
861 939 630 0
861 961 215 1
862 952 964 1
862 981 999 1
863 879 241 0
863 945 351 1
867 896 588 1
869 916 961 0
870 893 149 0
870 944 306 1
870 973 402 0
871 888 749 1
872 996 48 0
873 907 141 1
877 982 16 1
877 998 613 0
879 965 246 0
879 984 495 1
881 942 214 1
881 950 752 1
881 952 416 0
881 979 538 1
881 987 952 1
882 941 394 0
883 925 385 0
883 974 362 0
883 978 660 0
884 917 76 0
884 975 71 1
885 939 591 1
886 987 266 0
887 928 916 1
888 998 75 1
889 902 160 1
890 942 803 0
891 960 397 0
891 977 905 1
892 932 238 0
892 963 475 1
893 945 678 1
898 913 869 1
899 967 550 0
900 969 833 1
904 912 422 1
904 940 725 1
905 942 70 1
905 982 81 1
906 918 320 0
906 976 642 1
907 931 8 1
908 980 449 1
908 985 634 1
909 990 190 1
910 975 152 0
911 935 606 1
911 981 103 0
911 983 982 1
912 935 548 1
912 944 654 0
914 997 837 1
915 971 249 0
915 986 678 0
918 923 30 0
920 937 740 1
920 999 78 1
922 989 978 1
922 993 886 0
923 968 275 0
923 989 758 1
924 974 155 0
924 994 646 1
927 954 181 1
927 992 747 1
928 965 692 0
929 981 522 1
930 999 157 0
931 937 620 1
931 987 615 0
932 952 718 1
932 986 697 1
933 962 900 1
934 942 206 1
936 942 129 1
936 991 591 0
939 964 610 0
939 998 661 0
941 994 128 0
942 952 368 0
944 957 128 1
949 992 940 1
953 986 667 0
954 992 464 1
955 963 440 1
959 963 909 1
962 974 325 0
963 988 113 0
965 985 423 0
965 989 893 1
970 983 367 0
970 998 429 0
971 984 619 0
981 987 78 0
