1000
6000
6802
0 52 35 0
0 237 5 1
0 260 29 0
0 387 32 1
0 402 20 1
0 475 50 1
0 731 42 0
0 764 37 0
0 776 40 0
0 874 14 1
0 891 25 1
0 918 45 1
0 945 27 0
0 975 13 0
0 978 5 1
1 17 36 1
1 68 10 0
1 271 22 1
1 298 33 1
1 340 43 1
1 383 30 0
1 423 18 0
1 451 32 1
1 458 21 0
1 618 42 1
1 722 10 1
1 759 42 1
1 910 28 1
1 929 35 1
2 22 46 1
2 50 8 0
2 198 35 1
2 199 50 1
2 242 40 1
2 436 27 1
2 519 40 1
2 570 30 1
2 749 18 1
2 834 42 1
2 877 37 1
2 928 12 1
2 942 50 1
3 251 39 1
3 291 16 0
3 440 18 0
3 486 29 1
3 598 2 0
3 741 9 0
3 830 3 0
3 863 6 0
3 873 24 1
3 889 46 0
3 962 45 1
3 965 37 0
3 992 4 1
4 58 49 0
4 91 38 1
4 245 41 1
4 253 13 1
4 313 28 0
4 377 7 1
4 479 15 0
4 505 3 1
4 526 31 0
4 546 4 0
4 567 7 1
4 618 31 1
4 668 27 0
4 824 42 1
4 932 21 0
4 966 20 1
4 967 17 0
4 995 9 0
5 110 43 1
5 128 46 1
5 193 4 1
5 211 43 1
5 320 9 1
5 372 19 1
5 394 35 1
5 517 37 1
5 579 7 1
5 580 26 1
5 665 23 1
5 728 28 0
6 46 4 0
6 220 28 0
6 352 30 1
6 479 3 1
6 546 45 1
6 680 12 1
6 712 25 0
7 14 15 1
7 173 20 0
7 305 15 0
7 447 1 1
7 642 32 1
7 668 17 1
7 716 35 1
7 758 45 0
8 267 42 1
8 322 28 0
8 454 18 1
8 464 34 1
8 505 46 1
8 722 45 1
8 911 32 0
9 37 20 0
9 90 2 1
9 111 47 1
9 124 14 1
9 125 39 1
9 211 23 0
9 219 46 1
9 227 34 1
9 234 38 1
9 312 24 0
9 356 32 0
9 390 29 0
9 396 16 1
9 401 19 1
9 415 32 0
9 445 31 0
9 487 39 1
9 732 32 0
9 823 30 0
9 894 18 0
10 321 18 1
10 353 25 0
10 798 47 1
10 844 9 1
10 921 11 1
11 77 21 1
11 192 2 0
11 303 16 0
11 330 39 1
11 428 39 1
11 743 15 1
11 752 4 0
11 757 28 0
11 820 42 1
11 865 47 1
11 898 43 0
11 977 25 1
12 150 28 0
12 575 47 1
12 715 39 0
12 785 17 1
12 925 15 0
13 58 34 0
13 78 2 1
13 86 39 1
13 139 13 0
13 219 43 0
13 231 9 1
13 384 20 1
13 396 40 1
13 429 43 1
13 470 13 1
13 478 25 1
13 479 32 1
13 526 29 1
13 681 13 1
13 725 19 1
13 727 3 1
13 756 21 0
14 62 50 1
14 218 37 1
14 226 31 1
14 296 13 1
14 400 8 1
14 497 46 0
14 511 3 0
14 563 40 1
14 575 26 0
14 709 4 1
14 766 47 1
14 900 17 1
14 928 17 1
15 80 22 1
15 195 46 1
15 473 4 0
15 517 34 1
15 565 39 1
15 770 41 0
15 788 19 1
15 798 13 1
15 820 1 1
15 826 5 0
15 926 38 1
16 32 7 0
16 122 10 1
16 156 29 1
16 184 31 1
16 220 33 1
16 410 28 0
16 493 9 0
16 526 50 1
16 593 18 1
16 638 1 0
16 803 15 1
16 827 2 1
16 834 16 0
16 853 19 1
16 904 32 1
16 944 42 1
16 999 31 1
17 86 30 1
17 128 44 1
17 189 32 0
17 277 29 0
17 291 48 1
17 313 23 1
17 337 34 1
17 342 24 1
17 380 2 1
17 601 38 1
17 833 6 1
17 878 21 0
17 902 3 1
17 910 23 1
17 937 1 1
18 59 1 1
18 146 17 1
18 190 15 1
18 243 11 0
18 374 34 1
18 432 20 1
18 437 38 1
18 513 24 0
18 594 21 1
18 795 40 0
18 856 41 1
18 942 44 0
18 995 24 0
19 43 20 1
19 178 44 1
19 418 37 1
19 479 24 1
19 661 11 1
19 725 28 0
19 739 1 1
19 744 49 1
19 763 46 1
19 913 37 1
19 932 8 1
19 949 12 1
20 49 18 1
20 429 6 1
20 621 6 1
20 701 39 1
21 189 14 0
21 349 23 1
21 471 29 0
21 531 15 1
21 565 50 1
21 726 43 1
21 732 34 1
21 903 25 0
21 916 26 1
22 300 4 1
22 322 16 1
22 380 4 0
22 452 36 0
22 468 26 1
22 502 44 1
22 518 34 1
22 541 3 1
22 685 9 1
22 941 20 0
22 958 42 1
23 351 2 0
23 811 38 1
23 860 13 1
23 862 31 0
23 938 10 1
23 970 47 1
23 994 46 0
24 89 9 1
24 100 35 1
24 115 2 0
24 176 43 1
24 207 7 1
24 222 48 0
24 224 16 1
24 407 5 1
24 582 8 1
24 714 28 0
24 800 38 1
24 813 47 1
24 816 50 1
24 951 14 1
24 953 32 1
24 973 6 1
24 980 12 1
25 75 9 1
25 194 46 0
25 273 23 1
25 323 7 1
25 403 34 0
25 469 36 1
25 506 46 0
25 598 28 0
25 625 32 0
25 653 8 1
25 656 33 1
25 734 27 0
25 782 10 1
25 796 23 0
25 836 25 0
26 212 11 0
26 219 35 1
26 311 14 1
26 333 33 1
26 355 23 0
26 398 43 0
26 528 14 1
26 604 17 1
26 605 49 1
26 680 1 1
26 753 44 0
26 885 36 0
26 889 11 1
27 45 42 1
27 260 6 1
27 410 15 0
27 509 13 1
27 614 32 0
27 725 14 1
27 854 32 1
27 905 20 1
28 57 24 1
28 125 22 1
28 499 43 1
28 533 46 1
28 557 45 1
28 602 32 1
28 604 41 1
28 879 4 1
28 926 43 1
29 296 23 1
29 315 14 0
29 419 4 1
29 501 30 1
29 510 12 0
29 611 49 1
29 635 48 1
29 654 45 0
29 687 35 0
29 694 41 0
29 726 40 1
29 755 47 0
29 765 9 1
29 948 45 1
30 44 22 0
30 87 36 1
30 186 25 1
30 203 45 0
30 267 30 1
30 354 44 1
30 560 36 1
30 675 2 0
30 725 44 1
30 817 28 0
31 313 27 1
31 405 29 1
31 496 40 0
31 574 40 0
31 582 6 1
31 590 14 0
31 595 23 1
31 600 20 1
31 647 43 1
31 964 45 1
31 967 16 1
32 256 20 1
32 272 15 0
32 317 37 1
32 363 9 1
32 455 15 1
32 479 35 1
32 568 9 0
32 669 42 0
32 738 35 0
33 46 40 1
33 126 18 1
33 156 6 1
33 164 17 0
33 261 35 1
33 318 34 0
33 390 27 0
33 537 2 1
33 663 5 0
33 750 16 1
33 907 32 0
33 951 16 1
33 988 42 0
34 258 14 1
34 262 25 0
34 327 50 0
34 373 49 0
34 389 2 0
34 409 17 0
34 492 10 1
34 506 34 1
34 526 33 1
34 538 11 1
34 575 6 0
34 611 47 0
34 671 37 0
34 676 14 1
34 974 2 1
35 54 40 0
35 87 13 0
35 705 36 0
35 754 12 1
35 974 2 0
36 114 4 0
36 191 39 1
36 422 8 0
36 479 6 0
36 552 17 0
36 562 2 1
36 593 28 1
36 748 11 0
36 765 1 1
37 129 40 0
37 214 8 1
37 509 43 0
37 516 37 1
37 556 36 0
37 594 15 1
37 792 44 0
37 848 37 1
37 941 40 1
38 73 11 1
38 129 4 0
38 290 21 0
38 341 44 1
38 575 20 0
38 612 40 1
38 624 32 0
38 727 15 1
38 822 50 1
38 859 15 0
38 972 42 1
38 996 13 0
39 103 30 1
39 163 50 0
39 296 15 0
39 329 41 1
39 351 32 1
39 610 33 1
39 616 7 1
39 722 14 1
39 781 14 0
39 800 6 1
39 812 3 1
39 818 8 0
39 968 4 0
40 113 24 1
40 205 33 1
40 561 38 0
40 592 25 0
40 607 6 0
40 710 36 0
40 843 37 1
40 883 19 1
40 957 16 1
41 97 25 0
41 129 15 1
41 448 19 0
41 664 27 0
41 713 24 1
41 714 26 1
41 745 11 1
41 838 19 1
41 898 32 1
41 996 49 1
42 147 39 1
42 181 42 1
42 279 7 1
42 302 5 0
42 348 36 0
42 430 16 1
42 571 28 1
42 615 16 1
42 630 27 0
42 703 30 1
42 756 12 1
42 887 2 1
43 63 37 1
43 147 49 0
43 154 24 1
43 262 20 1
43 356 48 1
43 477 29 1
43 564 25 1
43 572 8 0
43 599 20 0
43 776 17 1
43 878 12 0
43 951 14 0
44 293 19 1
44 332 20 1
44 517 10 1
44 569 48 1
44 620 49 0
44 622 16 1
44 658 45 1
44 760 12 0
44 978 12 1
45 48 10 1
45 161 50 1
45 182 13 1
45 295 26 0
45 318 14 0
45 336 27 0
45 370 41 1
45 379 33 0
45 388 48 1
45 418 14 0
45 434 27 1
45 558 29 0
45 572 31 0
45 772 43 0
45 963 26 0
46 173 22 1
46 201 31 1
46 259 30 1
46 267 30 1
46 451 14 1
46 472 28 1
46 927 18 0
47 112 11 1
47 180 36 1
47 264 50 1
47 275 32 0
47 313 12 1
47 407 10 1
47 429 13 0
47 480 22 0
47 498 33 1
47 567 50 1
47 635 34 1
47 734 27 1
47 741 43 0
47 879 4 1
48 67 27 1
48 131 42 1
48 148 29 1
48 207 37 1
48 280 17 0
48 400 20 1
48 638 49 1
48 820 46 0
48 882 4 1
48 976 21 1
49 107 24 1
49 132 5 1
49 140 40 1
49 142 17 1
49 275 1 1
49 276 25 1
49 348 17 1
49 363 34 1
49 477 8 0
49 495 7 0
49 558 12 1
49 658 35 1
49 680 19 0
49 717 33 1
49 770 44 1
49 830 34 1
49 964 22 1
49 977 50 0
49 986 4 1
50 192 13 1
50 237 2 1
50 284 41 0
50 353 24 1
50 356 5 0
50 416 19 0
50 519 27 1
50 638 28 0
50 658 47 1
50 662 35 0
50 748 18 1
50 761 50 1
50 872 50 1
51 111 34 1
51 154 41 0
51 282 48 1
51 429 6 1
51 457 46 1
51 869 7 1
51 875 43 1
51 928 12 1
51 936 35 1
51 946 20 0
51 948 25 0
52 253 3 0
52 292 30 0
52 327 16 0
52 387 26 1
52 397 19 1
52 450 26 0
52 707 29 0
52 828 4 0
52 847 10 1
52 975 13 0
53 62 4 1
53 102 9 0
53 123 35 0
53 169 37 1
53 175 5 1
53 211 36 0
53 490 7 1
53 562 28 1
53 645 7 1
53 784 10 1
53 988 5 1
54 117 47 1
54 256 44 1
54 317 8 1
54 346 11 1
54 367 14 0
54 378 49 1
54 457 20 1
54 575 37 0
54 592 47 0
54 652 45 1
54 834 32 1
54 908 40 0
55 143 27 0
55 324 44 1
55 326 11 1
55 431 34 1
55 602 22 1
55 634 9 1
55 684 19 0
55 715 14 0
55 794 7 1
55 933 45 1
55 942 13 1
56 205 19 1
56 213 21 1
56 228 28 1
56 241 10 1
56 271 45 0
56 317 11 0
56 393 30 0
56 459 49 1
56 652 24 1
56 689 34 0
56 829 36 1
56 845 9 1
56 972 14 0
56 981 43 0
56 991 44 1
57 431 20 1
57 519 27 1
57 569 12 0
57 758 20 1
57 787 2 1
57 796 10 0
57 907 39 0
57 929 44 1
58 77 30 1
58 129 49 0
58 150 25 1
58 227 29 1
58 236 50 1
58 250 35 1
58 268 33 1
58 429 42 1
58 447 8 1
58 463 30 1
58 662 48 1
58 669 22 1
58 794 37 0
58 804 30 0
58 916 24 1
59 133 29 1
59 291 24 0
59 360 27 0
59 387 45 1
59 402 24 0
59 547 14 0
59 713 49 1
59 745 27 0
59 748 11 0
59 823 39 0
59 853 14 1
59 924 12 0
59 932 4 1
60 157 5 1
60 235 36 0
60 361 47 1
60 382 8 0
60 399 4 0
60 607 30 1
60 641 11 1
60 826 30 1
60 969 42 1
60 997 41 0
61 84 36 1
61 136 16 0
61 152 4 1
61 212 18 0
61 299 36 0
61 316 34 1
61 486 10 0
61 535 23 1
61 827 8 1
61 870 44 1
61 969 20 0
61 998 22 0
62 265 5 1
62 271 32 0
62 512 34 0
62 531 43 1
62 541 13 0
62 719 41 0
62 731 24 0
62 775 16 0
62 894 24 1
63 74 27 1
63 99 8 0
63 228 40 0
63 326 26 0
63 336 43 1
63 433 20 0
63 540 25 0
63 770 22 1
63 775 33 1
63 824 41 0
63 852 2 0
63 883 19 1
63 913 37 0
63 932 34 1
64 128 49 0
64 216 41 1
64 252 33 1
64 253 15 0
64 289 12 1
64 335 9 0
64 349 21 1
64 359 21 1
64 392 16 0
64 428 45 0
64 528 10 1
64 529 29 1
64 546 5 0
64 575 10 1
64 608 44 1
65 165 21 1
65 171 8 1
65 352 37 0
65 357 1 1
65 526 13 0
65 633 30 1
65 741 45 1
65 920 5 0
66 78 15 1
66 85 25 0
66 98 34 0
66 215 24 1
66 392 6 1
66 444 36 1
66 504 17 1
66 549 45 1
66 791 26 1
66 815 6 1
67 95 4 1
67 114 6 1
67 169 41 0
67 583 3 1
67 598 43 1
67 602 11 1
67 702 4 1
67 826 42 0
67 836 15 1
67 999 45 1
68 74 50 1
68 182 15 1
68 222 41 0
68 250 12 0
68 386 6 1
68 403 34 0
68 659 20 0
68 787 6 0
68 975 22 1
69 123 35 1
69 149 17 0
69 150 27 1
69 239 33 1
69 376 4 1
69 454 47 0
69 551 19 1
69 703 23 0
69 833 8 0
70 120 26 1
70 177 36 1
70 195 25 1
70 215 35 1
70 370 28 1
70 432 5 1
70 483 24 1
70 495 10 1
70 581 10 1
70 593 19 1
70 638 23 1
70 642 26 1
70 694 28 0
70 755 39 0
70 948 35 1
71 175 41 1
71 183 41 1
71 363 21 1
71 374 43 1
71 444 12 1
71 459 35 1
71 521 32 1
71 537 34 1
71 651 23 1
71 655 11 0
71 668 34 1
71 672 1 1
71 673 43 1
71 751 38 0
71 781 5 1
71 839 48 1
71 861 23 0
71 913 48 1
72 285 48 0
72 331 48 0
72 463 5 1
72 492 5 0
72 567 4 1
72 577 43 1
72 658 36 1
72 804 49 1
72 879 44 1
72 886 5 0
72 887 9 1
73 171 32 1
73 199 37 1
73 223 43 0
73 259 1 1
73 475 32 1
73 620 34 0
73 667 45 1
73 690 11 0
73 706 34 1
73 709 32 1
73 802 43 1
73 862 48 0
73 893 1 1
74 95 26 1
74 157 7 1
74 225 8 0
74 241 4 1
74 288 24 1
74 413 39 0
74 496 10 1
74 602 37 1
74 663 33 1
74 911 50 1
74 966 12 0
75 96 16 1
75 195 6 1
75 339 36 0
75 391 42 1
75 437 1 1
75 453 31 1
75 672 29 1
75 686 33 1
75 721 35 1
75 778 8 1
75 915 32 0
76 427 12 1
76 466 24 1
76 494 35 1
77 94 25 1
77 158 21 1
77 233 4 0
77 239 31 0
77 394 50 1
77 673 25 1
77 676 22 1
77 946 30 1
77 992 20 1
77 997 5 1
78 145 32 1
78 429 9 1
78 461 27 0
78 556 27 0
78 630 14 1
78 811 31 1
78 932 30 0
79 90 45 1
79 149 48 1
79 525 24 0
79 650 23 0
79 733 38 1
79 821 42 0
79 867 49 0
79 980 43 1
80 119 16 0
80 131 19 1
80 181 14 1
80 230 12 1
80 258 44 0
80 311 43 1
80 388 30 0
80 506 5 1
80 600 4 1
80 626 45 0
80 627 21 0
80 738 45 0
80 783 50 1
80 869 28 1
80 896 43 1
80 951 34 1
81 102 34 1
81 182 5 0
81 229 28 0
81 242 29 1
81 281 43 1
81 306 14 1
81 322 41 1
81 358 11 1
81 378 28 0
81 583 42 0
81 705 15 1
81 773 17 1
81 779 11 0
81 789 6 1
81 886 33 0
81 935 27 1
81 942 4 1
82 247 39 1
82 335 2 1
82 365 39 0
82 419 25 1
82 432 9 0
82 575 22 0
82 621 2 0
82 695 9 1
82 791 11 1
82 859 43 1
82 909 34 1
83 170 1 0
83 208 4 1
83 494 40 1
83 503 27 1
83 875 1 1
83 895 23 1
83 933 48 1
83 952 19 1
83 965 25 0
83 990 9 1
84 155 32 0
84 505 23 1
84 518 6 1
84 519 29 1
84 522 6 1
84 579 36 1
84 591 16 1
84 678 12 1
84 790 7 0
84 827 8 0
84 835 26 1
84 862 41 1
85 292 31 0
85 337 3 0
85 340 44 0
85 385 29 0
85 541 35 1
85 595 43 1
85 621 29 1
85 672 28 1
85 723 22 1
85 735 26 1
85 740 50 0
85 770 17 1
85 876 37 1
85 990 41 1
86 159 1 0
86 213 16 0
86 337 17 1
86 363 26 1
86 394 14 0
86 472 15 0
86 475 18 1
86 589 37 0
86 602 18 0
86 624 12 0
86 671 4 1
86 725 27 1
86 819 11 0
86 835 38 1
87 194 17 1
87 287 10 1
87 314 19 1
87 342 48 0
87 484 24 1
87 540 21 0
87 582 13 1
87 615 43 1
87 645 39 1
87 697 13 1
87 786 36 1
87 847 16 1
87 855 20 1
88 246 11 0
88 257 43 1
88 267 38 0
88 386 6 1
88 447 8 1
88 499 32 0
89 107 12 0
89 274 8 1
89 750 12 0
89 852 10 0
89 898 47 1
89 941 35 1
90 125 32 0
90 191 49 1
90 217 29 1
90 348 45 1
90 415 10 1
90 447 34 1
90 496 9 0
90 542 15 0
90 580 35 0
90 591 25 0
90 686 17 1
90 841 11 0
90 857 35 0
90 868 18 0
91 268 35 1
91 424 8 0
91 601 28 0
91 656 10 1
91 796 31 0
91 998 3 0
92 394 15 1
92 514 42 1
92 541 38 1
92 606 7 1
92 660 11 1
92 704 26 0
92 814 44 1
92 892 47 1
92 999 36 0
93 173 44 1
93 362 20 1
93 470 23 0
93 487 45 1
93 532 19 1
93 556 49 0
93 745 49 0
93 797 21 1
93 878 23 0
94 163 19 1
94 272 1 1
94 304 18 1
94 306 24 1
94 346 28 0
94 365 33 1
94 407 17 0
94 427 8 1
94 467 46 1
94 676 33 1
94 686 21 0
94 731 26 1
94 765 2 1
95 110 18 0
95 149 47 1
95 311 25 1
95 392 39 0
95 598 15 1
95 836 37 0
95 951 2 0
95 953 23 1
96 151 16 1
96 207 36 1
96 253 41 0
96 365 40 1
96 430 8 1
96 458 26 0
96 527 45 0
96 561 38 1
96 578 6 0
96 591 46 1
96 657 41 1
96 854 3 1
96 868 18 0
96 878 36 1
96 897 47 0
97 103 33 1
97 214 3 0
97 250 5 1
97 373 4 1
97 504 31 1
97 617 24 0
97 618 25 0
97 803 2 1
97 821 36 0
98 103 5 1
98 254 27 0
98 255 43 0
98 314 15 1
98 341 40 1
98 382 25 1
98 445 41 1
98 527 10 1
98 680 29 0
98 771 9 1
98 792 24 0
98 830 6 1
99 137 46 1
99 153 31 1
99 184 44 0
99 211 15 1
99 295 30 1
99 412 13 1
99 420 42 1
99 710 42 1
99 744 40 1
99 861 4 1
99 868 43 1
99 883 28 0
100 286 16 0
100 294 14 1
100 298 36 1
100 338 3 1
100 414 31 0
100 472 10 0
100 481 43 1
100 659 49 0
100 788 44 0
100 831 47 1
100 917 46 1
101 105 18 0
101 147 18 1
101 178 9 1
101 288 29 1
101 444 41 0
101 457 40 0
101 461 12 1
101 812 6 0
102 387 47 0
102 632 21 0
102 670 33 0
102 785 7 0
102 835 42 0
102 898 6 1
102 904 38 1
103 139 37 1
103 146 1 1
103 347 29 1
103 645 1 1
103 719 9 0
103 766 7 0
103 923 32 1
104 187 35 1
104 229 18 1
104 257 1 0
104 304 1 1
104 375 4 1
104 455 16 0
104 484 15 1
104 521 34 1
104 720 16 1
104 800 39 1
105 106 34 1
105 166 42 1
105 236 11 1
105 241 9 1
105 334 10 0
105 493 5 1
105 530 11 0
105 585 5 1
105 722 41 0
105 762 43 1
105 788 1 0
105 815 15 1
105 988 31 0
106 154 37 1
106 319 24 1
106 418 36 0
106 515 38 1
106 573 18 1
106 662 2 1
106 858 35 1
106 987 4 0
107 161 35 1
107 253 13 0
107 463 2 1
107 485 2 0
107 620 43 1
107 889 19 0
107 944 27 1
108 184 24 1
108 411 47 1
108 440 28 1
108 445 33 1
108 526 24 0
108 551 50 1
108 634 37 1
108 664 12 0
108 743 36 1
108 769 22 1
108 909 38 0
108 985 32 0
109 302 38 1
109 306 12 0
109 307 2 0
109 338 26 1
109 438 43 1
109 443 23 1
109 524 18 0
109 607 1 1
109 693 8 1
109 804 48 1
109 843 11 1
109 936 35 1
109 939 45 0
110 126 22 0
110 215 2 1
110 343 19 0
110 355 35 1
110 495 19 1
110 590 12 1
110 811 49 1
110 866 49 1
110 998 43 1
111 138 44 1
111 236 5 1
111 443 2 1
111 480 36 0
111 645 45 0
111 663 39 1
111 856 20 1
111 884 24 1
111 964 2 0
112 199 1 1
112 208 6 1
112 264 2 1
112 344 1 0
112 413 13 1
112 425 13 1
112 486 33 1
112 594 15 1
112 671 4 1
112 920 50 0
113 252 46 1
113 261 35 1
113 405 11 1
113 413 29 0
113 677 16 1
113 725 46 1
113 738 29 1
113 763 41 0
113 879 26 1
114 324 8 0
114 341 49 0
114 422 18 1
114 516 26 1
114 545 40 1
114 582 8 1
114 622 19 1
114 678 47 0
114 768 44 1
114 785 34 1
114 802 13 1
114 883 34 1
114 931 41 0
114 995 22 1
115 178 7 1
115 260 46 0
115 375 29 1
115 388 30 1
115 429 23 0
115 604 9 0
115 647 12 1
115 676 26 1
115 760 36 0
115 761 41 1
115 931 32 0
116 129 32 0
116 201 5 1
116 303 1 0
116 318 48 1
116 363 47 0
116 471 48 1
116 479 6 0
116 485 49 1
116 618 1 1
116 773 45 0
116 892 16 0
116 952 33 1
117 221 13 0
117 281 30 1
117 308 50 1
117 418 4 0
117 440 48 0
117 454 31 1
117 476 1 1
117 531 31 1
117 596 26 1
117 634 43 1
117 781 28 1
117 900 26 0
118 143 45 1
118 208 5 1
118 210 11 1
118 273 2 1
118 328 11 0
118 382 36 1
118 424 39 0
118 725 48 1
118 852 9 1
118 859 5 1
118 986 44 1
119 126 22 0
119 370 26 1
119 650 16 1
119 720 20 1
119 723 39 0
119 749 5 1
120 172 16 1
120 280 21 0
120 312 7 0
120 355 29 1
120 371 36 0
120 415 10 1
120 462 10 1
120 505 10 1
120 644 19 0
120 783 36 1
120 814 14 1
120 815 44 1
121 137 29 1
121 175 23 1
121 229 23 1
121 415 26 0
121 570 38 1
121 647 3 1
121 881 32 0
122 158 31 0
122 322 14 1
122 343 43 1
122 349 47 1
122 369 11 1
122 427 24 1
122 451 41 1
122 495 23 0
122 625 38 0
122 675 11 1
122 778 39 1
122 843 31 1
122 890 41 0
122 958 44 1
123 155 11 1
123 161 23 0
123 178 41 1
123 379 43 0
123 392 45 1
123 513 46 1
123 533 32 0
123 557 12 1
123 615 32 0
123 646 31 1
123 654 32 1
123 666 3 1
123 688 46 1
123 755 47 1
123 997 11 0
123 998 45 0
124 129 29 0
124 186 13 1
124 307 20 1
124 388 45 1
124 456 11 1
124 642 45 0
124 682 14 0
124 743 47 1
124 806 6 1
125 195 22 1
125 346 34 0
125 495 5 0
125 496 34 0
125 575 41 1
125 607 10 1
125 709 42 0
125 739 38 0
125 821 38 0
125 856 42 0
125 949 25 0
126 142 48 1
126 196 5 0
126 372 25 1
126 390 13 0
126 416 49 0
126 475 32 1
126 558 28 0
126 591 30 0
126 723 16 1
126 759 43 1
127 154 19 1
127 207 36 1
127 329 12 0
127 338 15 0
127 375 33 1
127 441 40 1
127 538 26 1
127 600 49 1
127 868 36 1
127 880 27 1
127 968 12 0
128 316 15 0
128 364 41 0
128 525 21 1
128 589 5 1
128 645 6 1
128 823 3 0
128 859 11 1
128 995 23 1
129 205 31 1
129 232 11 0
129 233 49 1
129 243 34 1
129 424 41 1
129 435 30 0
129 469 31 1
129 570 37 1
129 604 17 1
129 657 6 0
129 700 32 1
129 831 5 0
129 853 21 1
129 919 7 1
129 962 4 0
129 976 2 1
130 222 14 0
130 295 1 1
130 337 34 1
130 354 24 1
130 359 49 1
130 440 7 1
130 552 44 1
130 566 23 1
130 625 40 1
130 665 13 1
130 744 6 0
130 797 2 1
130 835 28 0
130 884 4 1
130 931 33 1
130 956 22 1
131 170 20 1
131 282 48 1
131 442 23 0
131 515 3 0
131 825 32 1
131 833 16 1
131 855 43 1
131 888 33 1
131 889 18 1
131 911 41 1
132 133 12 0
132 138 5 1
132 200 9 1
132 215 2 1
132 391 49 1
132 438 19 1
132 489 41 1
132 541 13 1
132 670 11 1
132 741 25 1
132 753 21 1
132 766 44 1
132 800 29 1
132 809 25 0
133 180 34 1
133 188 22 1
133 324 31 0
133 500 15 0
133 503 44 1
133 519 43 1
133 653 2 0
133 767 20 1
133 775 7 0
133 796 45 1
133 893 4 0
133 935 17 1
133 938 26 0
134 143 40 1
134 277 22 0
134 284 48 1
134 393 15 1
134 446 32 1
134 571 6 1
134 657 20 1
134 740 36 0
134 767 12 0
134 780 14 1
134 853 18 1
135 146 27 0
135 228 6 0
135 247 18 1
135 379 13 1
135 381 29 0
135 396 14 1
135 660 17 0
135 663 12 1
135 667 13 1
135 788 46 0
135 847 50 1
136 154 26 0
136 195 47 1
136 372 7 1
136 414 39 0
136 540 14 1
136 579 9 1
136 702 1 1
136 747 22 1
136 807 50 1
136 824 9 1
136 876 27 0
136 894 42 1
136 907 3 1
136 920 21 1
137 203 2 0
137 294 12 1
137 405 32 1
137 419 20 1
137 542 38 1
137 820 47 0
137 882 21 0
138 241 19 1
138 474 24 0
138 496 5 1
138 698 8 1
138 762 33 1
138 854 30 0
138 868 9 1
138 875 9 1
138 882 20 1
138 959 13 1
139 504 6 0
139 714 34 0
139 881 3 1
140 449 18 1
140 623 7 0
140 638 49 0
140 708 8 0
140 729 32 1
140 835 37 1
140 858 15 0
141 345 2 1
141 497 12 0
141 744 24 1
141 821 41 1
141 994 19 1
142 165 46 1
142 246 35 1
142 252 19 1
142 284 25 0
142 404 22 0
142 497 26 1
142 504 26 0
142 561 31 0
142 803 27 1
142 805 27 1
142 854 11 0
143 275 7 1
143 326 44 0
143 327 31 1
143 543 17 1
143 562 11 0
143 729 4 1
143 855 9 1
143 904 9 1
143 907 31 1
143 963 50 1
144 295 49 0
144 308 18 0
144 360 28 1
144 377 29 1
144 408 39 0
144 708 25 1
144 849 40 1
145 159 34 1
145 239 14 1
145 299 28 1
145 378 16 0
145 440 4 1
145 490 36 1
145 635 8 1
145 838 6 1
145 863 35 0
145 893 6 1
145 915 7 0
146 196 16 1
146 207 17 1
146 274 38 1
146 307 4 1
146 361 7 0
146 427 1 1
146 470 21 0
146 621 43 0
146 856 12 0
146 862 26 1
147 213 36 1
147 242 28 0
147 267 35 0
147 344 21 0
147 392 6 0
147 445 15 0
147 460 8 0
147 652 46 1
147 800 11 0
147 811 23 1
147 842 7 1
147 988 40 1
148 181 16 0
148 233 26 0
148 276 46 1
148 343 5 1
148 349 34 1
148 361 33 1
148 380 7 1
148 441 31 0
148 501 36 0
148 574 25 1
148 579 47 1
148 664 31 0
148 723 48 0
148 750 31 1
148 800 23 1
148 958 34 1
149 376 17 1
149 528 48 0
149 588 14 0
149 622 24 1
149 704 8 0
149 733 5 1
149 765 8 0
149 856 43 0
149 952 48 1
150 240 5 0
150 407 26 0
150 416 2 0
150 486 37 1
150 501 2 1
150 725 18 1
151 155 16 0
151 208 32 1
151 399 48 0
151 428 43 1
151 442 42 1
151 463 18 0
151 598 33 1
151 677 24 1
151 801 7 0
151 840 29 1
151 853 37 1
151 894 11 0
151 896 2 0
151 950 25 1
152 252 34 1
152 287 8 0
152 289 48 1
152 302 49 1
152 332 4 1
152 511 34 1
152 606 48 1
152 640 30 0
152 947 19 0
153 192 13 1
153 374 47 1
153 413 39 0
153 480 47 0
153 588 28 1
153 608 46 1
153 765 45 1
154 159 15 0
154 326 49 0
154 550 25 0
154 564 27 1
154 634 26 0
154 748 25 0
154 825 45 1
154 883 43 0
154 925 2 1
155 512 4 0
155 554 11 1
155 579 18 1
155 609 11 0
155 638 38 1
155 751 48 0
155 753 50 1
155 786 48 1
155 831 10 1
155 863 12 1
155 998 22 1
156 223 13 1
156 254 42 1
156 282 33 1
156 459 46 1
156 540 3 0
156 570 6 0
156 653 47 0
156 789 40 1
156 931 23 1
157 269 34 1
157 273 30 1
157 329 36 1
157 376 16 0
157 478 11 0
157 497 5 0
157 900 11 1
158 269 35 1
158 318 22 1
158 405 18 1
158 411 6 1
158 494 48 1
158 692 18 1
158 816 31 1
158 918 43 1
158 959 7 1
159 418 41 0
159 489 23 0
159 656 19 1
159 780 22 0
159 897 24 1
159 902 8 1
160 225 18 0
160 334 16 0
160 509 8 1
160 518 1 0
160 545 6 1
160 564 28 0
160 658 33 1
160 703 26 1
160 775 15 0
160 869 47 1
160 887 20 0
160 938 32 1
161 168 36 0
161 241 9 1
161 320 31 1
161 430 30 1
161 504 13 0
161 544 40 1
161 573 24 1
162 220 48 1
162 232 47 1
162 277 5 0
162 375 38 0
162 425 37 1
162 452 29 1
162 538 5 0
162 670 10 1
162 740 12 1
162 743 17 0
162 769 4 0
162 946 17 1
163 271 41 1
163 298 47 0
163 330 7 1
163 462 10 0
163 475 5 1
163 796 28 1
163 836 11 1
163 930 18 1
163 963 35 0
164 270 14 1
164 372 30 0
164 444 1 1
164 500 35 1
164 637 38 1
164 703 42 1
164 766 16 0
164 814 40 1
164 953 32 1
165 201 17 0
165 328 16 1
165 336 8 1
165 369 21 0
165 402 8 0
165 409 4 0
165 495 26 0
165 611 6 0
165 803 32 1
165 805 10 1
165 841 11 0
166 167 28 1
166 369 4 0
166 495 19 1
166 514 15 1
166 542 8 0
166 543 41 1
166 548 47 1
166 614 31 0
166 896 22 0
167 331 35 0
167 433 26 1
167 519 32 0
167 599 46 1
167 736 26 1
167 746 4 1
167 999 47 1
168 309 13 0
168 313 8 1
168 485 16 1
168 515 8 1
168 637 34 1
168 740 33 1
168 856 21 1
169 274 6 1
169 335 50 1
169 360 40 0
169 398 17 0
169 410 37 1
169 529 20 1
169 680 16 1
169 716 3 0
169 757 33 1
169 760 15 1
170 244 8 1
170 323 9 1
170 349 19 1
170 586 9 1
170 673 30 0
170 720 33 0
170 842 38 0
170 856 22 0
170 860 46 0
171 185 16 1
171 361 20 0
171 481 3 0
171 536 43 1
171 623 30 0
171 651 38 0
171 673 2 1
171 689 20 1
172 271 15 1
172 374 23 1
172 453 13 1
172 475 10 0
172 578 15 1
172 687 48 1
172 689 21 0
172 759 25 0
172 912 21 1
172 943 39 0
172 961 35 1
172 984 2 0
173 217 14 0
173 239 34 1
173 280 1 1
173 398 3 1
173 457 30 1
173 488 23 1
173 597 39 1
173 620 7 1
173 658 47 1
173 863 48 1
173 986 11 1
174 285 19 0
174 372 19 1
174 429 17 1
174 874 5 1
174 992 25 1
175 213 16 1
175 241 27 1
175 441 47 1
175 476 20 0
175 517 13 0
175 806 40 0
175 809 44 1
175 866 11 1
176 301 17 1
176 581 20 1
176 603 41 1
176 627 46 1
176 660 29 1
176 755 37 1
176 832 26 0
176 899 11 1
176 989 7 1
176 998 13 1
177 322 40 1
177 739 19 1
177 775 3 1
177 782 6 1
177 799 38 1
177 801 48 0
177 894 42 1
178 316 4 1
178 416 30 1
178 587 31 1
178 667 39 1
178 729 2 1
178 816 17 1
179 300 10 1
179 324 5 0
179 328 43 1
179 342 17 1
179 473 33 1
179 667 1 0
179 775 1 1
179 843 39 1
179 915 43 1
180 208 24 1
180 347 19 1
180 433 48 1
180 443 20 0
180 581 24 0
180 657 2 1
180 737 2 1
181 193 43 1
181 309 11 0
181 331 6 0
181 364 29 1
181 501 8 1
181 643 17 0
181 653 21 0
181 875 45 1
182 192 44 1
182 196 44 0
182 282 19 1
182 283 35 0
182 351 27 1
182 420 50 0
182 479 40 1
182 554 14 1
182 560 21 0
182 709 39 0
182 764 31 1
182 923 18 1
182 963 4 0
183 252 9 1
183 380 1 0
183 662 3 1
183 742 23 1
183 746 36 0
183 783 5 1
183 850 29 1
183 960 27 1
184 214 33 1
184 342 29 0
184 343 24 1
184 384 26 0
184 417 23 0
184 535 10 0
184 666 43 1
184 667 11 0
184 693 24 1
184 786 13 1
184 910 8 1
184 927 3 0
184 936 41 0
184 964 40 1
185 219 8 1
185 306 29 1
185 363 30 0
185 471 21 0
185 514 30 1
185 654 40 0
185 688 47 1
185 710 29 0
185 793 43 1
185 884 25 0
185 959 13 1
185 967 49 0
186 237 18 0
186 293 5 1
186 358 26 0
186 373 27 1
186 395 1 1
186 480 22 1
186 533 32 1
186 814 40 1
186 847 16 1
186 947 34 1
187 288 15 0
187 470 6 0
187 496 50 1
187 520 41 0
187 590 45 1
187 664 38 1
187 764 41 1
187 867 30 1
187 885 41 1
187 889 23 0
187 919 13 1
188 225 26 1
188 286 46 0
188 381 4 0
188 488 50 1
188 544 10 1
188 732 28 0
188 738 18 0
188 927 27 1
188 928 48 1
188 982 11 1
188 989 49 1
189 221 18 1
189 517 42 1
189 853 12 1
189 865 16 0
189 877 6 1
190 226 30 1
190 452 27 0
190 480 6 1
190 521 36 1
190 620 42 0
190 657 10 1
190 714 15 0
190 761 19 1
190 790 30 1
190 813 23 1
190 844 34 0
190 884 39 1
191 316 49 0
191 645 39 0
191 680 3 1
191 702 13 1
191 708 39 1
191 825 45 1
191 921 39 1
192 226 12 1
192 336 36 0
192 386 26 1
192 414 38 1
192 432 48 0
192 521 20 0
192 554 24 0
192 599 22 1
192 608 18 1
192 624 27 1
193 195 10 1
193 424 47 1
193 439 11 0
193 462 31 1
193 544 33 1
193 631 18 1
193 676 9 0
193 722 14 0
193 950 23 1
194 359 17 1
194 382 34 1
194 494 26 1
194 764 17 1
194 809 8 0
194 927 50 1
194 975 11 1
195 232 13 0
195 260 29 0
195 267 31 0
195 349 26 1
195 394 50 1
195 428 41 0
195 436 39 1
195 457 33 0
195 473 34 1
195 606 41 1
195 660 13 0
195 857 10 1
196 337 28 1
196 461 19 0
196 590 24 0
196 603 1 1
196 654 39 1
196 696 10 1
196 748 17 1
196 827 5 1
197 229 45 1
197 314 3 0
197 364 19 1
197 367 5 0
197 372 6 0
197 420 9 1
197 840 1 0
198 243 9 0
198 293 38 0
198 416 7 1
198 517 28 0
198 533 18 0
198 586 22 0
198 639 41 0
198 845 14 0
198 874 8 1
198 938 5 0
199 273 39 0
199 364 42 0
199 407 30 1
199 515 41 1
199 549 33 1
199 555 3 0
199 659 50 1
199 887 19 1
200 352 9 0
200 560 32 0
200 715 7 0
200 777 4 1
200 834 20 1
200 859 11 0
201 267 40 1
201 328 38 0
201 443 18 0
201 534 50 1
201 566 3 1
201 578 36 0
201 589 29 1
201 725 22 1
201 745 27 1
201 759 46 0
201 837 25 1
201 843 29 1
201 870 43 0
201 955 32 0
201 993 43 1
202 446 12 0
202 669 14 1
202 727 10 1
202 730 10 0
202 937 49 1
203 482 50 1
203 532 12 1
203 636 47 1
203 724 11 0
203 728 22 1
203 863 2 1
203 886 43 1
203 960 19 1
204 328 41 0
204 345 22 1
204 426 36 1
204 549 22 1
204 618 42 0
204 729 16 0
204 826 46 1
204 867 16 1
205 253 43 0
205 268 33 1
205 295 14 1
205 424 2 1
205 454 29 1
205 478 28 1
205 488 15 0
205 674 23 0
205 697 29 1
205 752 19 1
205 838 21 1
205 870 1 1
205 891 2 1
205 958 36 1
206 264 46 1
206 275 26 1
206 279 19 1
206 331 35 1
206 514 29 1
206 520 33 1
206 564 6 1
206 571 8 1
206 596 30 0
206 828 10 1
206 842 28 0
206 844 41 1
207 228 17 0
207 258 2 1
207 311 28 1
207 440 15 1
207 498 44 1
207 542 18 0
207 578 27 1
207 648 25 1
207 663 11 1
207 713 32 1
207 860 35 0
207 892 21 1
207 945 26 0
208 273 7 1
208 547 50 1
208 606 32 1
208 714 30 0
208 788 49 0
209 246 47 0
209 334 44 0
209 451 7 1
209 453 23 0
209 544 17 0
209 612 39 0
209 694 46 1
209 909 45 1
209 918 14 1
210 212 7 1
210 224 1 1
210 307 13 0
210 360 6 0
210 445 45 1
210 563 20 1
210 603 18 1
210 688 29 1
210 851 27 1
210 891 7 1
210 897 46 0
210 916 25 1
210 970 46 0
210 989 4 0
211 275 38 1
211 291 4 1
211 415 26 1
211 439 3 1
211 578 19 1
211 624 5 1
211 636 6 1
211 789 26 0
211 926 10 0
211 952 34 0
211 988 8 1
212 247 12 0
212 294 24 1
212 374 26 0
212 537 21 1
212 569 23 1
212 578 15 0
212 583 43 1
212 609 42 1
212 724 32 1
212 738 26 1
212 812 12 1
212 897 31 0
213 226 18 0
213 247 20 0
213 266 39 1
213 371 10 1
213 495 38 0
213 787 39 1
213 791 47 0
214 261 37 1
214 352 28 0
214 806 9 1
215 440 17 1
215 573 37 0
215 757 15 1
215 826 43 1
215 868 49 1
215 901 39 1
216 307 45 0
216 310 43 1
216 332 41 1
216 474 34 1
216 587 18 0
216 675 19 1
216 816 3 1
216 818 41 1
216 843 2 1
216 859 33 0
216 999 43 0
217 403 30 0
217 450 39 1
217 708 21 1
217 754 21 1
217 756 49 1
217 843 14 1
217 941 20 0
217 988 39 1
218 262 10 1
218 563 10 0
218 596 43 1
218 636 19 1
218 641 6 0
218 830 41 0
218 918 44 1
218 929 22 0
219 359 45 0
219 436 8 0
219 449 43 1
219 498 28 1
219 534 24 1
219 637 30 1
219 661 16 1
219 718 31 0
219 739 26 1
219 947 20 1
220 548 47 1
220 637 35 1
220 665 12 1
220 698 24 0
220 851 50 0
220 858 50 1
221 237 18 1
221 316 25 1
221 320 29 0
221 502 20 1
221 629 40 1
221 652 23 1
221 694 3 1
221 794 34 0
221 819 46 1
221 827 17 1
221 939 23 1
221 955 3 1
221 971 35 1
222 263 49 1
222 438 36 1
222 498 39 0
222 614 10 0
222 747 36 1
222 793 36 0
222 892 49 1
222 999 41 0
223 226 18 0
223 294 6 0
223 495 1 1
223 565 41 1
223 601 4 0
223 653 16 1
223 836 12 1
224 266 34 0
224 348 26 1
224 352 17 1
224 392 17 1
224 473 11 1
224 533 34 1
224 578 44 1
224 705 26 1
224 982 27 0
225 454 9 1
225 507 2 1
225 579 30 0
225 585 33 1
225 649 3 1
225 678 7 1
225 739 31 1
225 772 11 0
225 807 43 0
225 830 18 1
225 912 17 1
226 241 45 1
226 400 26 1
226 405 11 0
226 445 11 0
226 447 34 1
226 542 37 1
226 773 1 1
226 776 3 1
226 811 37 0
227 319 38 1
227 535 3 1
227 641 7 1
227 722 27 1
227 761 8 1
227 876 39 1
227 896 19 0
227 974 16 1
228 323 16 1
228 485 17 1
228 521 38 1
228 676 31 0
229 295 23 1
229 356 46 0
229 367 22 0
229 397 49 1
229 631 41 1
229 684 50 1
230 265 4 1
230 296 46 1
230 345 4 0
230 386 17 1
230 442 50 0
230 666 37 1
230 674 10 1
230 739 17 0
230 890 30 1
231 255 43 1
231 361 36 1
231 547 18 1
231 626 1 1
231 759 49 1
231 783 3 1
231 843 17 1
231 880 25 0
231 886 44 1
231 940 23 1
231 946 8 0
231 961 18 0
232 261 19 1
232 281 11 0
232 359 13 1
232 512 18 1
232 524 34 0
232 670 28 1
232 757 1 0
232 779 33 1
232 825 12 1
232 899 31 1
233 292 32 0
233 326 8 1
233 492 26 0
233 495 1 1
233 530 48 0
233 663 17 1
233 745 46 1
233 769 50 0
234 295 12 1
234 411 12 1
234 419 24 1
234 450 47 1
234 517 25 0
234 542 32 0
234 865 11 1
234 899 45 1
235 484 24 1
235 552 36 0
235 680 11 1
235 691 49 1
235 729 37 0
235 809 14 0
235 824 47 1
235 844 6 1
235 858 14 0
235 973 21 1
236 259 34 1
236 311 36 1
236 319 15 1
236 325 38 1
236 354 9 1
236 405 5 1
236 426 25 1
236 521 11 0
236 623 29 1
236 832 11 1
236 867 2 1
236 890 8 1
236 895 47 0
236 902 41 1
236 954 21 1
236 976 3 1
237 441 2 1
237 465 12 1
237 540 28 1
237 583 38 0
237 709 10 1
237 784 25 1
238 267 19 1
238 269 27 0
238 324 22 0
238 407 42 1
238 568 44 1
238 587 1 1
238 628 14 1
238 644 6 0
238 772 22 1
238 799 42 1
238 822 14 1
238 879 14 1
238 902 19 0
239 447 22 0
239 553 24 1
239 571 12 1
239 584 38 0
239 663 5 1
239 666 7 0
239 777 11 1
239 794 21 1
239 860 45 0
240 264 2 0
240 273 40 0
240 476 38 1
240 653 37 0
240 659 5 0
240 782 15 1
240 793 35 1
240 917 48 1
240 960 20 0
241 430 33 0
241 457 44 1
241 486 1 0
241 541 10 1
241 571 7 0
241 612 27 1
241 810 20 1
241 834 48 0
241 842 14 1
241 898 39 0
241 951 28 1
242 298 10 0
242 317 22 0
242 345 30 0
242 363 49 1
242 454 12 1
242 522 12 1
242 565 29 1
242 662 5 0
242 664 2 0
242 833 29 0
242 849 24 0
242 924 21 0
242 945 12 0
242 948 27 0
243 332 47 1
243 391 47 1
243 404 36 1
243 423 25 0
243 427 44 1
243 475 19 1
243 553 32 1
243 695 32 1
244 326 22 0
244 423 16 0
244 479 50 1
244 492 35 1
244 493 20 1
244 515 39 1
244 546 36 1
244 746 2 0
244 756 20 1
244 776 30 1
244 822 47 1
244 929 41 0
244 961 43 0
245 280 28 1
245 289 8 1
245 387 7 0
245 412 8 0
245 473 46 0
245 474 18 0
245 549 24 1
245 672 19 0
245 797 28 1
245 856 30 1
245 931 30 1
246 441 48 0
246 448 6 0
246 456 7 0
246 496 17 1
246 572 43 1
246 848 35 0
246 861 43 0
246 919 34 0
247 285 43 1
247 391 45 0
247 401 4 1
247 406 5 1
247 451 15 1
247 544 25 1
247 806 3 1
247 857 41 1
247 998 12 1
248 323 4 1
248 330 25 0
248 406 32 0
248 414 37 1
248 430 4 1
248 807 50 1
248 838 38 1
248 990 38 1
249 362 4 1
249 375 27 1
249 485 32 1
249 608 50 1
249 779 4 1
249 934 19 1
250 372 24 1
250 404 3 1
250 496 36 1
250 536 47 0
250 589 21 0
250 609 9 1
250 640 8 1
250 679 17 1
250 748 39 1
250 760 16 1
250 841 27 0
251 469 29 1
251 498 30 1
251 560 7 0
251 667 28 1
251 752 35 0
251 765 50 0
251 769 23 1
251 771 6 1
251 817 20 1
251 982 10 1
252 279 6 1
252 294 28 1
252 372 38 1
252 456 37 1
252 473 40 1
252 488 45 1
252 576 50 1
252 662 41 1
252 715 40 0
252 791 26 1
252 984 34 1
252 995 5 0
253 358 16 0
253 398 6 1
253 431 10 1
253 454 14 0
253 499 7 1
253 658 38 1
253 670 28 1
253 857 46 1
254 335 15 1
254 391 39 1
254 627 16 0
254 702 49 1
254 719 39 0
254 974 20 1
255 275 20 1
255 340 35 1
255 610 17 1
255 648 36 1
255 680 29 1
255 750 37 0
255 753 21 0
255 888 42 1
255 939 16 1
255 965 2 0
256 345 12 0
256 376 39 1
256 399 1 1
256 406 5 0
256 428 44 1
256 452 42 0
256 598 39 0
256 725 14 0
256 749 38 1
256 794 42 1
256 850 48 1
256 907 39 1
256 977 31 1
257 258 22 1
257 456 50 1
257 497 16 0
257 558 44 0
257 667 48 1
257 891 37 0
257 908 14 0
257 914 17 0
257 979 20 1
258 309 46 1
258 579 15 1
258 684 26 0
258 757 19 0
258 831 3 0
258 989 14 1
259 402 41 1
259 453 35 1
259 652 15 1
259 720 14 1
259 889 29 1
259 926 29 1
259 937 37 1
259 964 35 1
260 376 43 1
260 487 19 1
260 574 48 1
260 580 37 1
260 631 36 0
260 685 32 1
260 935 9 1
260 999 14 1
261 277 23 1
261 290 36 1
261 461 22 0
261 464 8 0
261 570 4 1
261 701 1 0
261 903 16 1
262 405 15 1
262 508 2 1
262 524 17 1
262 536 17 1
262 543 8 0
262 614 13 1
262 759 7 0
262 896 8 1
262 907 23 0
262 938 36 0
263 291 6 1
263 355 38 1
263 362 50 0
263 402 49 1
263 502 25 1
263 534 26 1
263 646 20 1
263 668 21 0
263 724 13 0
263 780 50 0
263 859 5 0
263 915 35 1
263 916 8 1
263 994 28 0
264 285 15 1
264 597 20 1
264 600 16 0
264 696 11 1
264 701 44 1
264 756 14 1
264 827 39 0
264 847 29 0
264 974 8 1
265 399 16 1
265 604 48 1
265 774 12 0
265 880 37 0
265 916 6 1
265 941 39 1
265 959 47 1
266 336 7 0
266 400 41 0
266 412 36 0
266 417 37 1
266 523 34 1
266 679 1 0
266 894 4 1
266 984 28 0
267 589 10 1
267 782 6 1
267 856 13 1
268 666 5 0
268 694 25 1
268 810 48 1
268 831 32 1
268 896 30 1
269 427 36 1
269 472 12 0
269 779 3 1
269 935 13 1
269 954 39 1
270 420 26 0
270 537 42 0
270 676 2 1
270 874 33 1
270 926 29 0
271 314 13 1
271 349 18 1
271 535 31 0
271 651 39 0
271 728 31 0
271 779 44 1
272 299 24 1
272 339 7 1
272 535 8 0
272 577 15 1
272 582 17 0
272 671 22 0
272 855 34 0
272 904 36 1
272 958 2 1
272 991 40 1
273 326 45 0
273 333 50 1
273 556 11 1
273 606 1 1
273 614 34 1
273 633 3 0
273 650 32 0
273 658 21 1
273 833 48 0
273 867 27 1
273 902 30 0
273 913 26 0
274 288 37 1
274 326 30 1
274 354 41 1
274 720 22 0
274 806 49 1
274 946 45 1
275 350 42 0
275 414 32 1
275 658 13 1
275 722 28 0
275 740 20 1
276 323 42 1
276 376 49 1
276 402 19 1
276 584 24 1
276 629 32 1
276 685 3 0
276 702 14 0
276 769 32 0
276 817 46 1
276 827 28 1
276 861 44 1
276 887 36 1
276 990 12 1
277 293 11 1
277 317 7 1
277 322 46 1
277 356 15 0
277 378 20 1
277 439 50 0
277 554 39 1
277 645 41 0
277 665 40 1
277 668 39 1
277 669 39 1
277 835 9 0
278 314 7 0
278 325 10 1
278 340 44 1
278 394 38 1
278 406 33 0
278 412 2 1
278 557 42 1
278 758 33 1
278 763 9 1
278 845 31 0
279 318 45 1
279 350 27 1
279 410 9 1
279 472 45 1
279 557 17 1
279 728 33 1
280 419 49 1
280 663 28 0
280 678 32 0
280 709 47 1
280 716 46 0
280 802 35 1
281 400 6 1
281 439 7 1
281 502 22 1
281 578 2 1
281 629 13 1
281 675 36 0
281 759 24 1
281 859 42 1
282 416 37 1
282 442 5 0
282 465 3 0
282 488 16 1
282 523 29 1
282 669 30 0
282 677 3 1
282 824 39 1
282 928 47 0
282 938 20 1
283 435 2 1
283 580 14 1
283 585 21 1
283 659 39 1
283 717 17 1
283 754 10 0
283 873 37 1
283 883 5 0
283 975 32 1
284 534 6 1
284 650 6 1
284 662 45 1
284 714 16 1
284 791 40 1
284 868 15 1
284 974 28 0
285 360 39 0
285 456 27 1
285 513 18 1
285 520 8 1
285 617 42 0
285 721 24 1
286 304 50 0
286 313 32 1
286 378 29 1
286 420 48 0
286 458 30 0
286 505 35 1
286 535 25 0
286 576 5 1
286 598 42 1
286 607 31 0
286 668 6 0
286 726 15 1
286 877 16 0
287 458 4 0
287 641 26 1
287 647 32 1
287 757 14 0
287 815 40 1
287 905 34 1
288 296 17 1
288 513 49 1
288 622 48 1
288 668 50 0
288 726 13 1
288 766 25 1
288 823 26 1
288 943 5 1
288 947 6 0
288 987 41 0
289 395 28 1
289 432 23 1
289 482 31 1
289 491 19 1
289 538 43 1
289 544 15 1
289 648 20 0
289 753 37 1
289 767 38 1
289 789 23 1
289 913 47 1
289 917 18 0
289 965 15 1
290 332 42 1
290 362 17 1
290 383 24 0
290 548 26 1
290 664 16 1
290 717 35 1
290 835 5 0
290 884 43 0
290 892 20 1
290 898 36 1
290 997 41 0
291 315 15 1
291 384 24 1
291 423 46 1
291 649 50 1
291 651 21 1
291 742 46 1
291 745 43 1
291 863 46 0
291 895 30 1
291 918 36 0
291 982 43 1
291 989 9 0
292 509 29 1
292 545 25 1
292 566 34 1
292 602 9 0
292 677 32 1
292 688 24 1
292 709 47 0
292 710 44 1
293 515 15 1
293 519 20 1
293 599 41 1
293 604 45 0
293 761 36 1
293 791 5 1
293 861 13 1
293 913 41 1
294 339 23 1
294 581 7 1
294 644 4 0
294 666 35 1
294 856 13 1
294 953 45 0
295 436 5 1
295 453 6 1
295 473 26 0
295 494 12 0
295 920 18 0
295 973 44 0
296 310 40 1
296 347 31 1
296 445 23 1
296 521 50 1
296 731 48 0
296 762 20 0
296 787 39 1
296 856 27 0
296 978 15 0
297 376 7 1
297 438 1 0
297 461 5 1
297 736 10 1
297 909 18 1
297 929 31 0
298 319 7 1
298 341 36 0
298 380 20 1
298 424 42 1
298 484 36 1
298 487 49 1
298 664 2 0
298 723 39 0
298 804 24 1
299 708 29 1
299 748 10 0
299 762 40 0
299 957 25 1
300 375 19 0
300 417 46 1
300 422 46 0
300 563 43 1
300 568 29 1
300 771 41 0
300 872 12 1
300 966 49 1
301 380 50 1
301 474 17 1
301 536 8 1
301 596 39 0
301 605 27 1
301 656 25 1
301 679 1 1
301 696 8 1
301 757 18 1
301 786 25 1
301 861 12 1
301 867 5 1
301 921 50 0
301 996 21 0
302 510 28 1
302 584 14 1
302 624 22 1
302 719 19 1
302 731 38 1
302 849 30 1
302 926 44 1
303 330 23 1
303 529 28 1
303 615 25 1
303 809 31 1
303 906 15 1
303 940 16 1
303 980 42 1
304 481 26 1
304 498 44 1
304 569 12 0
304 583 20 0
304 612 29 1
304 660 22 1
304 699 33 0
304 764 27 1
304 971 39 1
305 325 49 1
305 390 33 0
305 409 21 1
305 436 32 1
305 614 15 0
305 718 10 1
305 724 34 0
305 796 5 1
305 842 26 1
305 845 30 1
306 339 23 1
306 349 37 1
306 358 6 1
306 378 50 0
306 390 23 1
306 539 48 1
306 893 15 1
306 939 13 0
306 955 10 0
307 406 42 0
307 560 43 0
307 614 15 1
307 633 18 0
307 775 25 1
307 843 21 0
307 925 43 1
307 944 29 1
307 945 46 1
308 434 41 1
308 435 32 1
308 644 44 1
308 703 39 0
308 759 43 1
308 858 7 1
308 860 28 1
308 903 45 1
308 951 40 1
308 992 48 1
309 321 1 0
309 403 46 1
309 562 23 1
309 623 50 1
309 785 3 0
309 899 43 1
309 915 11 0
309 922 39 1
310 399 38 1
310 449 10 1
310 454 18 1
310 601 45 1
310 657 36 1
310 709 22 1
310 802 50 1
310 846 11 0
310 869 20 0
310 964 38 0
311 331 50 1
311 399 26 0
311 406 16 1
311 409 47 1
311 433 46 1
311 531 45 1
311 550 22 1
311 586 18 1
311 645 20 1
311 670 39 1
311 818 37 1
311 859 34 1
311 869 49 0
311 914 22 0
311 950 19 1
311 981 47 1
312 316 39 1
312 388 6 1
312 748 46 1
313 370 40 1
313 713 17 1
313 745 40 1
313 754 1 1
313 775 31 0
313 905 47 1
313 972 37 0
314 402 49 1
314 469 21 0
314 606 22 0
314 610 25 1
314 926 13 1
315 383 37 1
315 609 21 0
315 682 19 1
315 851 33 0
315 888 32 0
316 449 30 1
316 488 21 1
316 498 50 1
316 508 24 0
316 561 19 1
316 710 32 1
316 743 7 0
316 745 9 1
316 909 3 1
316 953 48 0
317 483 19 0
317 555 37 1
317 606 27 1
317 698 47 1
317 735 33 1
317 764 15 1
317 787 36 1
317 863 9 1
318 467 41 1
318 809 29 1
318 827 9 1
318 879 3 1
318 916 46 1
319 399 5 1
319 542 30 1
319 574 9 1
319 607 31 0
319 895 5 0
319 900 12 1
320 331 15 1
320 366 48 1
320 406 49 1
320 471 49 1
320 552 8 0
320 642 29 1
320 740 46 1
320 818 8 1
320 857 48 1
320 966 13 1
321 378 38 0
321 427 23 1
321 459 6 0
321 482 32 1
321 510 5 1
321 522 10 1
321 562 30 1
321 606 43 1
321 645 50 1
321 654 14 0
321 798 40 1
321 856 34 1
321 920 11 1
321 956 38 1
322 454 26 0
322 485 23 0
322 530 38 1
322 534 42 1
322 570 11 1
322 647 16 1
322 659 16 1
322 689 28 0
322 758 42 1
322 838 21 1
322 844 46 0
323 508 1 1
323 691 10 0
323 745 42 1
323 886 23 0
323 921 5 1
323 961 38 1
323 962 43 1
324 326 33 0
324 475 2 1
324 486 47 0
324 588 43 1
324 785 16 0
324 961 26 1
325 399 36 1
325 411 32 0
325 485 44 0
325 520 13 0
325 662 19 0
325 683 23 0
325 836 44 1
325 947 17 0
326 411 46 1
326 476 17 1
326 643 24 1
326 722 23 1
326 796 47 0
326 957 21 0
327 337 42 1
327 400 43 1
327 530 19 1
327 730 40 1
327 795 3 1
327 850 48 0
328 356 14 0
328 405 16 1
328 493 40 0
328 633 8 1
328 655 16 1
328 726 19 0
328 762 48 1
328 806 28 1
328 922 20 1
328 989 28 0
329 370 4 1
329 382 15 1
329 389 26 0
329 426 1 0
329 428 31 1
329 493 38 1
329 511 38 0
329 582 21 0
329 584 21 1
329 808 47 1
329 812 8 0
330 432 2 1
330 974 38 1
331 643 29 1
331 653 31 1
331 684 32 1
331 770 19 1
331 778 42 1
331 812 47 1
331 902 44 1
331 961 48 0
331 995 19 1
332 361 11 1
332 443 15 1
332 448 8 1
332 537 48 0
332 556 45 1
332 588 45 1
332 704 15 1
332 743 16 1
332 770 2 1
332 825 43 1
332 950 47 0
332 990 5 1
333 350 6 0
333 403 21 1
333 420 48 1
333 437 4 0
333 495 37 0
333 621 50 0
333 699 17 1
333 774 7 0
334 467 46 1
334 564 26 1
334 689 2 1
334 701 35 1
334 703 25 1
335 350 25 0
335 369 29 0
335 398 20 0
335 430 8 1
335 455 37 1
335 499 6 0
335 827 7 1
335 911 30 0
335 924 26 0
335 987 34 0
336 515 31 1
336 578 37 1
336 764 38 0
336 831 38 0
336 845 47 1
336 887 2 0
337 864 48 0
338 401 26 1
338 539 3 1
338 561 42 1
338 605 34 1
338 693 50 1
338 923 11 1
338 941 20 1
338 966 37 1
338 979 26 0
339 368 20 0
339 403 7 1
339 472 5 0
339 548 1 1
339 580 50 1
339 609 5 1
339 645 27 1
339 648 37 1
339 682 35 1
339 727 46 0
339 777 15 1
339 893 27 1
340 356 49 1
340 581 38 1
340 589 19 1
340 601 49 0
340 647 46 0
340 663 40 1
340 806 42 1
340 934 9 1
341 393 37 0
341 496 36 1
341 603 38 0
341 619 2 1
341 691 46 1
341 778 16 0
341 839 34 1
342 393 37 1
342 427 9 1
342 507 10 1
342 579 32 1
342 738 32 1
342 777 37 1
342 780 45 0
342 875 28 1
342 902 33 0
342 965 10 1
343 464 46 0
343 490 22 1
343 495 5 1
343 544 30 1
343 637 13 0
343 722 21 1
343 738 23 1
343 887 38 1
343 965 38 0
344 360 29 1
344 492 30 0
344 717 13 1
344 767 29 0
344 965 49 0
345 414 19 1
345 428 14 0
345 597 36 1
345 623 11 0
345 634 45 0
345 669 35 0
345 673 30 1
345 845 46 1
345 929 50 0
345 967 33 1
346 347 20 1
346 502 25 0
346 505 1 1
346 542 25 1
346 550 48 1
346 801 11 1
346 823 40 0
346 846 40 1
346 867 18 0
346 899 18 0
347 547 35 1
347 607 31 1
347 617 19 1
347 801 21 1
347 888 3 0
347 976 33 1
348 405 2 0
348 429 1 1
348 633 48 1
348 651 49 0
348 785 41 0
348 934 8 0
349 634 47 0
349 641 19 1
349 868 4 1
349 880 34 1
349 884 35 0
349 907 18 0
349 955 13 1
350 482 16 1
350 581 37 1
350 594 36 0
350 601 4 0
350 604 49 1
350 606 27 1
350 609 23 1
350 843 14 1
350 860 42 0
350 863 2 0
350 986 21 0
350 996 30 0
351 396 21 1
351 408 4 0
351 576 43 0
351 690 13 1
351 760 18 1
351 909 10 1
351 911 4 1
352 364 47 1
352 377 38 1
352 397 28 1
352 468 14 1
352 518 15 0
352 575 23 1
352 591 36 1
352 596 34 0
352 621 15 1
352 720 36 1
352 808 31 1
353 531 44 0
353 635 41 1
353 696 10 0
353 808 22 1
353 975 47 1
354 371 49 1
354 580 28 0
354 652 49 0
354 679 40 1
354 769 37 1
354 772 29 1
354 849 1 1
354 875 20 0
354 924 45 0
354 941 32 1
355 488 15 1
355 519 46 1
355 638 1 1
355 696 47 0
355 732 34 1
355 752 18 1
355 904 4 0
355 905 23 0
356 547 11 0
356 558 26 1
356 720 9 1
356 763 30 0
356 958 34 0
357 439 34 1
357 585 24 1
357 676 1 1
357 823 8 1
357 828 47 0
358 404 1 0
358 406 3 1
358 549 35 1
358 634 15 0
358 650 11 0
358 708 50 0
358 767 34 1
358 771 43 1
358 845 39 1
358 957 22 1
359 410 3 0
359 538 8 1
359 693 42 1
359 811 5 0
359 855 39 1
360 370 35 0
360 387 36 0
360 407 23 0
360 472 5 1
360 588 26 1
360 680 36 1
360 717 49 1
360 736 42 0
360 740 24 1
360 763 24 0
360 855 24 0
360 871 46 1
360 922 50 1
360 935 21 0
361 441 27 1
361 666 16 0
361 744 21 1
361 745 19 1
361 786 5 1
361 875 23 1
361 929 29 1
361 995 41 1
362 381 5 0
362 384 20 1
362 434 43 1
362 460 37 0
362 510 45 1
362 579 30 1
362 672 38 1
362 728 48 0
362 746 3 1
362 801 45 1
362 816 49 1
362 874 24 1
362 910 37 0
363 410 36 0
363 501 29 1
363 540 42 1
363 566 1 0
363 592 39 1
363 636 46 1
363 653 16 1
363 721 7 1
363 725 36 1
363 883 16 0
364 616 32 0
364 744 21 1
364 773 25 0
364 814 47 1
364 851 19 1
364 883 33 1
364 886 27 1
365 415 23 1
365 438 33 0
365 496 31 1
365 746 46 1
365 750 9 1
365 757 24 1
365 767 9 1
365 827 42 1
365 828 15 1
365 857 34 1
365 948 47 1
366 408 6 1
366 489 21 1
366 504 2 1
366 624 43 0
366 627 37 0
366 682 14 1
366 784 30 1
366 802 39 1
366 836 44 0
366 983 6 0
367 545 50 1
367 592 43 0
367 662 9 1
367 687 15 0
367 696 31 1
367 753 17 1
367 783 10 1
367 807 38 1
368 492 28 1
368 577 25 0
368 656 44 0
368 716 12 1
368 837 34 1
369 395 34 1
369 421 11 1
369 516 39 1
369 648 31 1
369 747 46 1
369 870 26 1
369 884 46 1
369 936 35 1
369 987 15 0
370 446 38 1
370 448 24 0
370 477 24 0
370 774 22 1
370 937 3 1
370 969 8 0
370 984 48 1
371 378 21 0
371 423 41 0
371 486 19 0
371 518 27 1
371 552 47 1
371 576 1 1
371 589 49 1
371 603 2 1
371 699 1 1
371 722 12 0
371 752 49 1
371 796 35 0
371 903 19 1
372 496 22 1
372 505 10 1
372 619 44 1
372 652 7 1
372 728 49 1
372 736 44 1
372 885 18 1
373 387 33 1
373 414 8 1
373 430 19 1
373 493 40 0
373 589 18 1
373 723 45 1
373 807 24 1
374 429 14 1
374 491 11 1
374 601 15 1
374 603 42 1
374 625 27 0
374 867 30 0
375 480 28 0
375 721 15 1
375 758 47 1
375 805 17 1
375 832 22 0
375 870 5 1
376 430 15 1
376 469 46 0
376 534 13 1
376 689 27 0
376 705 32 1
376 913 40 0
376 959 37 1
377 394 43 1
377 415 47 0
377 440 7 1
377 543 9 1
377 551 16 1
377 586 31 1
377 709 44 1
377 825 7 0
377 832 6 1
377 937 35 0
377 982 22 1
378 387 35 0
378 402 33 1
378 485 24 0
378 815 3 1
378 915 28 1
379 387 29 1
379 826 43 1
379 947 48 1
380 417 27 1
380 488 26 1
380 690 46 1
380 885 3 1
380 926 44 1
380 970 14 1
381 444 16 1
381 496 6 0
381 529 29 1
381 624 10 1
381 839 3 1
382 622 2 0
382 691 6 1
382 693 40 1
382 809 24 1
383 387 47 1
383 402 1 0
383 409 36 1
383 412 42 1
383 580 34 1
383 603 15 1
383 681 7 0
383 729 8 0
383 734 26 1
383 755 17 0
383 873 48 1
383 915 16 0
383 929 6 0
384 434 30 1
384 478 18 1
384 580 50 0
384 613 14 1
384 649 25 1
384 932 43 1
385 492 9 1
385 579 39 1
385 585 25 1
385 586 10 0
385 605 10 1
385 703 36 1
385 748 34 1
385 891 20 1
385 906 50 1
385 968 7 0
386 482 17 1
386 573 28 1
386 591 50 0
386 793 13 1
386 864 3 0
387 423 32 0
387 425 7 0
387 485 30 1
387 502 49 1
387 588 37 1
387 661 25 1
387 678 8 0
387 698 14 1
387 721 36 1
387 745 31 1
387 774 41 0
387 820 14 1
387 859 3 0
388 431 35 1
388 492 48 0
388 507 12 1
388 543 18 1
388 702 46 1
388 796 35 0
388 819 36 0
388 966 43 1
389 436 41 0
389 486 45 0
389 542 35 0
389 545 30 1
389 618 20 1
389 790 34 1
389 852 44 1
390 515 18 1
390 738 25 1
390 758 50 0
390 803 18 1
390 839 5 1
390 852 7 0
390 980 2 1
391 515 10 1
391 522 6 1
391 527 22 1
391 531 9 0
391 570 14 1
391 711 15 1
391 729 18 0
391 747 21 1
391 763 44 0
391 837 34 1
391 879 23 1
391 943 22 0
392 439 13 1
392 453 19 1
392 508 16 1
392 528 26 1
392 827 1 1
392 834 29 1
392 901 46 1
392 926 4 1
393 459 28 1
393 566 2 0
393 676 5 1
393 698 8 1
393 785 15 0
393 809 7 1
393 813 36 0
393 817 42 1
393 822 30 0
393 934 41 1
393 977 41 1
394 459 40 0
394 500 27 0
394 521 18 1
394 553 24 1
394 592 34 0
394 607 39 1
394 707 32 1
394 714 11 0
394 883 24 0
394 885 22 1
394 946 41 1
395 571 47 1
395 709 6 1
395 714 48 1
395 991 45 0
395 995 23 0
396 410 18 1
396 466 2 1
396 704 20 1
396 777 16 0
396 796 18 0
396 897 44 1
396 923 19 1
397 435 19 0
397 507 1 0
397 526 46 0
397 621 17 1
397 626 48 1
397 639 31 0
397 763 20 1
397 793 45 0
397 796 18 1
398 443 39 0
398 536 7 1
398 665 43 0
398 810 17 0
398 813 31 0
399 438 34 0
399 459 10 1
399 509 45 1
399 663 12 1
399 806 14 0
400 426 3 1
400 482 46 0
400 584 13 1
400 619 41 0
400 664 21 1
400 948 43 0
401 422 19 1
401 488 10 0
401 535 37 1
401 572 11 0
401 655 10 1
401 698 50 0
401 724 47 1
401 736 12 0
401 814 25 0
401 836 39 1
401 897 29 1
401 906 22 1
401 922 13 1
402 427 27 1
402 512 34 1
402 740 1 1
402 790 17 1
402 837 45 1
402 892 41 1
402 895 33 0
403 441 34 1
403 548 9 1
403 550 16 1
403 575 32 1
403 582 36 0
403 823 34 0
403 877 12 0
403 990 25 0
404 431 2 1
404 487 21 0
404 505 4 1
404 532 3 1
404 573 16 1
404 620 41 0
404 682 10 1
404 725 12 1
404 819 31 0
404 872 18 0
404 995 18 1
405 508 22 1
405 669 31 0
405 725 26 1
405 846 47 0
405 852 25 0
405 969 39 0
406 420 37 1
406 742 46 0
406 878 18 1
406 915 6 0
406 971 41 1
407 412 44 1
407 427 12 0
407 767 20 0
407 799 32 1
407 837 24 1
407 935 38 1
407 963 20 1
408 462 5 1
408 495 13 1
408 533 5 1
408 607 47 1
408 724 31 1
408 764 1 0
408 889 49 1
408 899 42 0
409 443 23 1
409 531 15 1
409 607 49 0
409 674 35 1
409 692 50 1
409 774 24 1
409 828 2 1
409 874 15 1
409 935 28 0
409 984 44 0
410 451 6 1
410 484 33 1
410 554 8 0
410 589 10 1
410 595 9 1
410 602 30 0
410 613 44 0
410 654 28 1
410 985 2 0
410 992 3 1
411 630 39 1
411 691 41 0
411 753 2 1
411 793 24 1
411 801 50 1
411 820 33 0
411 882 39 0
411 919 23 1
411 941 13 1
411 976 6 0
411 988 38 0
412 480 50 1
412 589 12 1
412 665 31 1
412 751 19 1
412 928 41 1
413 420 37 1
413 532 9 1
413 553 30 1
413 638 16 1
413 897 36 0
413 945 29 1
413 946 35 0
414 538 25 1
414 555 37 0
414 707 7 1
414 741 33 0
414 789 23 1
414 803 42 1
414 815 23 1
414 856 36 0
414 869 26 1
415 547 50 1
415 584 20 0
415 672 17 1
415 694 13 1
415 717 29 1
415 884 38 1
416 510 10 0
416 513 46 1
416 535 28 1
416 729 12 0
416 912 18 0
417 573 2 0
417 607 50 1
417 629 38 1
417 656 30 1
417 684 33 0
417 736 33 0
417 898 30 1
417 949 22 1
417 986 2 0
418 453 14 1
418 463 12 1
418 493 9 1
418 504 49 0
418 645 35 1
418 704 31 0
418 728 21 1
418 738 33 0
418 841 27 1
418 957 42 1
418 971 2 1
419 442 39 0
419 462 42 0
419 505 7 1
419 533 5 1
419 625 21 1
419 759 42 1
419 839 11 0
419 907 35 1
419 971 24 1
420 462 3 0
420 490 32 1
420 554 5 1
420 644 34 0
420 656 37 1
420 661 47 1
420 663 32 0
420 756 25 1
420 798 23 1
420 831 38 0
421 797 20 0
421 835 28 0
421 955 46 1
422 435 30 1
422 458 14 1
422 495 16 0
422 573 14 0
422 592 5 0
422 899 33 0
422 930 39 1
422 973 45 1
423 535 26 1
423 540 28 0
423 553 25 1
423 623 45 0
423 684 32 0
423 692 48 1
423 750 50 1
423 778 16 0
423 829 16 1
423 918 9 1
423 970 44 0
424 502 14 1
424 570 27 0
424 651 15 1
424 691 7 1
424 721 48 1
424 722 24 1
424 930 43 1
424 945 18 0
425 426 37 1
425 469 40 1
425 489 25 1
425 534 48 1
425 536 13 1
425 792 6 1
425 809 25 1
425 846 48 1
425 918 9 0
425 979 14 1
426 500 31 1
426 682 23 0
426 807 37 1
426 819 40 1
426 989 22 0
427 623 2 1
427 701 29 0
427 725 41 1
427 832 5 1
427 895 29 1
427 950 25 0
427 987 35 1
428 429 19 0
428 863 14 0
428 878 4 0
428 909 37 1
428 911 18 1
429 447 50 0
429 548 16 0
429 820 13 0
429 854 22 1
430 478 2 1
430 675 8 1
430 797 44 1
430 931 7 1
430 969 28 1
430 995 39 1
431 708 32 1
431 721 50 1
431 830 14 1
431 948 33 1
432 486 48 1
432 521 31 1
432 544 29 0
432 608 40 1
432 629 9 1
432 665 11 1
432 816 35 1
432 940 27 1
432 965 21 0
433 435 17 1
433 464 8 1
433 503 15 1
433 640 24 0
433 976 45 0
434 519 37 1
434 619 49 1
434 711 43 1
434 836 19 1
434 874 44 1
434 904 38 0
435 544 48 0
435 562 34 1
435 611 45 0
435 647 46 1
435 682 24 0
435 877 43 1
435 902 27 1
436 585 11 1
436 638 43 1
436 645 19 1
436 703 36 1
436 757 26 1
436 772 11 0
436 861 27 1
437 661 47 1
437 921 11 0
438 707 34 1
438 750 21 1
438 816 47 1
438 894 48 1
438 924 32 1
438 926 24 1
439 476 12 1
439 543 33 1
439 562 20 0
439 779 14 1
439 940 41 0
440 610 15 0
440 620 7 0
440 680 30 0
440 782 17 1
441 515 44 1
441 546 10 1
441 736 46 1
441 823 1 1
441 886 46 0
441 918 39 0
441 966 44 0
441 998 15 1
442 449 37 0
442 510 40 1
442 521 30 1
442 551 14 0
442 574 20 1
442 907 42 1
442 920 1 1
442 949 13 1
443 566 16 1
443 597 11 0
443 600 45 1
443 602 12 1
443 707 28 1
443 785 31 1
443 828 44 0
443 847 17 1
443 851 32 1
443 992 33 0
444 561 7 1
444 589 50 1
444 628 17 1
444 652 40 0
444 916 36 1
444 959 12 0
445 676 35 0
445 677 48 1
445 683 31 0
445 696 39 1
445 759 29 1
445 852 6 0
445 914 40 1
446 560 28 1
446 812 27 1
446 826 43 1
446 863 46 1
446 884 22 1
447 472 2 1
447 569 29 1
447 582 15 0
447 652 35 0
447 902 35 1
447 941 17 1
447 965 41 0
447 988 27 0
448 616 35 1
448 635 4 1
448 718 41 1
448 830 21 1
448 863 21 1
448 894 29 1
448 952 31 1
448 997 49 1
449 452 38 0
449 467 38 1
449 575 24 1
449 648 12 1
449 660 11 1
449 717 38 1
449 982 27 1
450 501 20 1
450 517 16 1
450 622 43 1
450 630 5 0
450 656 4 1
450 736 36 0
451 628 6 1
451 653 41 1
451 939 22 0
452 469 21 0
452 604 8 0
452 705 30 0
452 721 22 1
453 652 49 1
453 693 37 1
453 706 12 1
453 762 47 1
453 814 23 0
454 464 27 1
454 539 16 0
454 551 33 0
454 563 21 0
454 662 45 1
454 773 48 1
454 778 47 1
454 790 33 1
454 931 33 1
454 979 34 0
454 996 24 0
455 716 4 1
455 727 19 1
455 742 22 1
455 832 18 1
455 934 37 1
455 998 37 1
456 548 40 1
456 560 10 1
456 650 35 0
456 663 27 0
456 690 41 0
456 711 9 0
456 718 3 0
457 510 23 0
457 533 13 0
457 570 42 0
457 978 40 1
457 998 19 0
458 523 3 0
458 582 9 1
458 788 37 1
458 854 26 1
458 876 34 0
458 920 3 1
459 489 1 0
459 566 45 0
459 709 47 0
459 761 2 1
459 879 42 0
459 895 32 0
459 936 48 0
459 982 30 1
460 738 20 1
460 789 35 1
460 853 34 0
460 916 7 1
460 967 16 0
460 986 43 0
460 998 2 1
461 494 33 0
461 512 28 0
461 579 24 0
461 617 41 0
461 703 26 0
461 810 18 0
461 824 26 1
461 865 13 1
461 904 31 0
462 580 46 0
462 715 47 1
462 757 25 1
462 826 19 1
462 922 36 0
463 606 30 1
463 611 26 0
463 623 2 1
463 650 29 1
463 744 10 1
464 493 4 1
464 678 6 1
464 713 10 0
464 807 20 0
464 954 49 1
465 587 24 0
465 617 1 1
465 630 45 1
465 669 24 1
465 828 6 1
465 981 19 0
465 995 46 1
466 545 31 1
466 645 44 1
467 648 47 0
467 787 38 1
467 789 8 1
467 837 42 1
467 869 19 1
468 622 45 1
468 626 44 1
468 709 34 0
468 867 35 0
468 926 42 0
469 512 31 1
469 535 29 1
469 944 45 1
469 975 24 0
470 525 50 0
470 542 38 1
470 583 4 1
470 853 31 1
470 866 1 1
470 903 44 1
470 907 40 1
470 979 12 1
470 981 39 1
471 474 42 1
471 707 10 1
471 762 22 1
471 774 44 0
471 929 22 1
471 939 5 0
472 529 37 1
472 577 40 0
472 588 16 1
472 629 23 1
472 668 3 1
472 683 42 1
472 786 13 1
472 810 13 0
472 875 43 1
472 936 4 0
473 493 38 1
473 501 3 1
473 515 28 1
473 566 26 1
473 573 31 1
473 578 16 1
473 586 6 1
473 668 6 1
473 825 19 0
473 853 27 1
473 956 6 1
474 528 13 0
474 632 48 1
474 642 18 1
474 788 49 1
474 878 30 0
474 963 49 1
474 981 12 1
474 994 48 1
475 510 19 1
475 595 6 0
475 647 26 1
475 784 45 1
475 813 17 1
475 822 2 0
475 883 16 0
475 949 18 1
476 517 32 1
476 846 6 1
476 863 10 0
476 957 37 0
477 520 13 1
477 723 47 1
477 924 5 0
477 971 37 0
478 630 25 1
478 669 25 0
478 697 22 0
478 743 44 0
478 827 6 1
478 832 47 1
478 955 14 1
479 524 37 0
479 602 5 1
479 695 13 1
479 728 9 1
479 997 20 0
480 601 40 1
480 772 41 0
480 784 49 1
480 931 18 0
480 951 19 0
481 679 11 1
481 745 10 1
481 984 39 0
482 511 1 1
482 636 28 1
482 704 46 1
482 747 23 0
483 631 1 1
483 663 3 1
483 742 21 1
483 806 34 1
483 862 37 1
483 876 1 1
483 940 3 1
483 954 35 1
484 498 33 1
484 585 25 0
484 613 5 1
484 754 32 1
484 796 31 1
484 801 16 0
484 865 15 0
484 891 21 1
485 508 41 0
485 531 14 1
485 777 36 1
485 785 7 0
485 790 37 1
485 918 11 1
486 505 24 1
486 527 39 1
486 589 15 1
486 590 10 1
486 665 12 1
486 711 9 0
486 842 19 1
486 875 1 1
486 909 3 0
487 542 15 1
487 669 45 0
487 703 16 0
487 796 48 1
487 978 23 0
488 489 26 1
488 635 25 0
488 753 36 1
488 831 10 1
488 858 35 1
489 635 33 0
489 720 33 0
489 773 13 1
489 838 14 1
489 932 4 1
490 521 33 1
490 543 7 0
490 609 35 1
490 636 31 1
490 692 46 0
490 800 20 1
490 890 6 1
490 904 5 1
491 520 27 1
491 528 29 1
491 636 32 1
491 671 50 1
491 739 30 0
491 964 16 0
491 968 24 0
491 977 36 0
491 990 13 1
492 632 29 0
492 712 36 1
492 723 36 1
492 774 46 1
492 826 18 1
492 967 22 1
493 705 31 1
493 733 19 1
493 789 11 1
493 791 39 1
493 828 28 1
493 938 4 1
493 980 13 1
493 985 41 1
493 986 3 1
494 495 6 1
494 546 11 1
494 576 10 1
494 587 46 1
494 643 11 0
494 698 24 1
494 765 6 0
494 807 11 0
494 835 14 0
494 876 35 1
494 889 42 0
494 938 25 0
494 967 21 1
495 509 3 0
496 807 17 1
496 963 2 1
496 992 9 1
497 499 19 0
497 626 30 0
497 659 48 1
497 844 42 1
497 871 46 0
497 909 16 1
498 580 45 1
498 632 43 1
498 659 9 0
498 681 7 0
498 745 46 0
498 751 24 0
498 754 11 1
498 806 39 1
498 837 38 0
498 954 16 1
499 599 43 1
499 623 17 0
499 700 39 1
500 566 18 1
500 583 21 1
500 597 44 0
500 686 2 1
500 698 19 0
500 775 13 1
500 796 19 1
500 816 42 1
500 852 28 0
500 885 28 0
501 578 36 1
501 582 19 0
501 617 23 0
501 749 22 0
501 756 5 1
501 871 20 0
502 505 26 0
502 609 45 0
502 631 4 0
502 937 45 1
503 539 19 1
503 652 32 1
503 830 18 1
503 882 48 1
503 924 39 1
503 952 3 1
504 534 50 1
504 583 37 1
504 684 6 1
504 909 7 0
505 515 6 1
505 664 9 1
505 761 34 1
505 779 47 1
505 782 29 1
505 813 12 1
505 873 10 1
506 579 3 0
506 679 34 0
506 732 39 1
506 796 46 0
506 880 43 0
506 897 25 1
507 554 4 0
507 560 3 0
507 563 34 1
507 621 24 0
507 635 26 1
507 753 17 1
507 833 16 1
507 870 9 1
507 878 47 1
507 943 34 0
507 949 11 0
507 971 11 0
507 977 11 0
508 598 33 1
508 732 28 1
508 758 44 0
508 885 41 1
508 902 41 1
508 956 16 0
508 960 39 1
508 992 16 1
508 995 40 1
509 568 20 0
509 644 10 1
509 743 44 0
509 811 19 1
510 643 2 0
510 655 24 0
510 668 29 1
510 679 42 1
510 709 11 1
510 735 19 0
510 787 10 1
511 563 7 1
511 565 43 1
511 627 25 1
511 717 41 0
511 798 35 1
511 883 44 1
511 940 21 0
512 531 2 1
512 606 47 0
512 842 12 1
512 848 26 0
512 930 34 1
512 981 15 0
513 573 23 0
513 576 12 1
513 589 44 0
513 783 36 0
513 785 17 1
513 864 24 1
513 867 31 0
513 975 14 1
513 986 34 0
514 601 4 1
514 676 24 1
514 683 33 1
514 737 39 1
514 960 37 1
515 569 38 1
515 596 46 0
515 613 20 1
515 706 5 0
515 752 16 1
515 827 19 1
516 572 14 1
516 774 11 0
517 523 44 1
517 530 41 1
517 578 20 0
518 608 4 1
518 909 12 0
518 925 31 0
519 529 1 1
519 622 20 1
519 778 37 1
519 971 35 0
519 977 49 1
520 762 34 1
520 839 25 1
520 898 2 1
520 917 13 1
521 719 22 1
521 843 9 1
521 848 24 1
521 915 50 1
522 524 49 1
522 562 4 0
522 738 1 1
522 766 49 1
522 790 2 1
522 821 26 0
522 857 27 0
522 875 48 0
523 599 38 1
523 703 10 0
523 780 18 0
523 819 30 1
523 951 13 1
524 559 15 1
524 587 19 0
524 622 10 0
524 730 1 1
524 783 2 1
524 874 9 1
524 909 29 1
525 601 12 1
525 636 31 0
525 700 10 1
525 843 37 1
526 527 50 1
526 609 47 1
526 636 29 1
526 800 29 0
527 585 41 1
527 730 21 0
527 759 3 0
527 842 10 0
527 855 5 1
527 947 23 1
528 584 49 0
528 595 2 1
528 963 46 1
529 789 37 0
529 795 47 1
529 930 12 1
529 980 29 1
529 987 1 1
529 989 44 0
530 588 35 1
530 590 48 0
530 605 3 0
530 610 30 1
530 656 14 1
530 758 41 1
530 887 29 0
530 949 20 1
530 959 3 0
531 548 26 1
531 594 3 0
531 700 21 0
531 875 35 1
531 913 48 1
531 934 45 1
531 939 15 1
531 958 9 1
531 968 34 1
531 978 48 1
531 986 5 1
532 542 13 0
532 547 44 1
532 618 40 0
532 641 3 1
532 669 39 1
533 597 43 1
533 609 11 1
533 654 12 1
533 872 4 0
533 911 35 1
533 954 44 1
533 993 34 1
534 557 36 0
534 559 22 0
534 623 5 1
534 666 5 0
534 868 10 0
534 919 43 0
535 554 25 0
535 569 45 1
535 596 29 1
535 635 23 1
535 681 14 0
535 734 19 1
535 828 47 1
535 859 14 1
535 959 37 1
536 796 31 1
536 806 36 0
536 834 35 1
536 843 36 0
536 844 42 1
537 620 13 1
537 841 38 1
537 845 50 1
537 863 3 1
537 930 39 1
538 766 7 1
538 811 44 0
538 841 32 1
539 556 25 1
539 837 24 1
539 858 32 1
539 968 3 0
539 983 46 1
539 987 38 1
540 670 47 1
540 731 16 1
540 803 47 0
540 957 45 1
541 574 28 1
541 576 46 1
541 610 40 1
541 662 6 1
541 749 9 0
541 816 15 1
541 877 18 0
541 930 46 1
541 984 19 1
542 624 25 1
542 699 24 1
542 750 15 1
542 755 23 0
542 814 37 1
543 557 48 1
543 606 5 0
543 672 14 1
544 617 33 1
544 759 39 1
544 796 5 1
544 828 13 1
544 934 43 0
544 956 15 1
545 623 29 0
545 774 31 1
545 861 34 0
545 903 26 0
545 924 27 1
545 976 47 0
545 989 48 0
546 553 21 1
546 601 22 1
546 676 35 1
546 763 40 1
546 904 27 1
547 585 49 1
547 711 6 0
547 789 24 1
547 861 33 1
547 936 19 1
547 939 45 1
547 986 30 0
547 992 16 1
548 684 15 0
548 721 29 1
548 743 48 1
548 792 18 1
548 873 45 1
548 921 50 0
548 984 15 1
549 656 42 1
549 750 41 0
549 849 34 1
549 978 13 0
550 753 35 1
550 929 18 1
551 605 10 0
551 635 27 0
551 689 23 1
551 732 44 1
551 853 42 1
551 878 3 1
551 893 28 1
552 744 41 1
552 845 44 1
552 846 24 1
552 887 4 0
552 924 30 0
553 557 12 1
553 900 26 0
553 954 28 1
554 841 16 0
554 937 47 1
555 600 21 1
555 905 23 1
555 910 4 0
555 936 37 1
556 572 35 1
556 661 18 0
556 687 41 0
556 702 5 0
556 707 30 0
556 819 45 0
557 722 12 1
557 727 44 1
557 964 31 0
557 998 8 1
558 660 34 1
558 753 8 1
558 793 3 1
559 624 24 0
559 696 16 1
559 723 45 0
559 801 3 1
559 850 4 1
559 880 17 0
559 958 6 1
560 608 37 0
560 623 36 1
560 680 31 1
560 761 4 1
560 830 6 1
560 924 40 1
560 939 1 1
560 963 27 1
561 645 42 1
561 659 47 0
561 740 26 1
561 763 5 0
561 784 18 1
561 828 6 1
561 838 8 1
561 854 40 0
561 864 48 1
561 926 46 0
561 946 29 0
561 947 27 1
562 563 34 0
562 734 33 1
562 886 46 1
562 935 16 0
563 700 40 1
563 761 46 1
563 787 4 1
563 852 20 0
563 888 15 1
563 912 1 1
563 929 41 1
563 953 42 1
563 963 41 1
563 983 21 1
564 591 4 1
564 644 8 1
564 666 26 1
564 705 5 1
564 708 23 0
564 787 15 0
564 841 22 1
564 999 38 0
565 683 20 0
565 685 42 1
565 758 35 0
566 624 27 1
566 909 16 0
567 609 17 0
567 621 32 1
567 699 6 1
567 732 30 1
567 794 18 1
567 884 1 1
567 959 17 0
567 992 21 1
568 572 16 0
568 619 13 1
568 652 47 1
568 687 17 1
568 696 25 0
569 644 38 1
569 681 42 1
569 828 28 1
569 892 46 1
569 911 13 1
569 959 4 0
570 646 12 1
570 697 15 0
570 701 42 1
570 785 40 1
570 818 24 1
570 853 10 0
570 859 31 0
570 867 11 1
571 660 7 0
571 741 7 0
571 785 36 1
571 868 7 0
571 889 7 1
572 597 34 0
572 619 37 0
572 665 38 0
572 666 38 0
572 902 41 1
572 942 24 1
572 986 20 0
573 592 49 0
573 761 8 1
573 805 18 1
573 958 12 1
574 688 34 0
574 701 4 1
574 861 1 1
574 897 15 1
575 641 15 1
575 702 18 1
575 763 30 0
575 810 45 1
575 842 20 1
576 669 37 1
576 685 19 0
576 702 47 1
576 726 26 1
576 734 33 1
576 806 21 1
576 901 42 1
576 990 37 1
577 667 32 1
577 693 46 1
577 701 34 0
577 717 49 0
577 724 4 1
577 780 7 1
577 789 33 1
577 797 26 0
577 866 20 1
577 904 48 1
578 583 16 0
578 598 21 1
578 618 2 1
578 663 39 1
578 698 23 1
578 724 12 1
578 826 33 0
578 849 7 1
578 884 4 0
579 773 16 1
579 817 17 0
580 655 44 1
580 707 38 0
580 959 32 1
580 991 19 0
581 821 7 1
581 823 48 0
581 830 6 1
581 880 13 1
581 917 47 1
582 608 38 0
582 739 2 0
582 773 4 1
582 841 37 1
583 587 17 1
583 666 21 1
583 813 25 1
583 881 26 1
583 976 30 0
584 620 14 0
584 640 19 1
584 675 7 0
584 736 6 0
584 870 23 1
584 972 17 1
584 984 1 1
585 589 18 0
585 597 19 1
585 903 23 1
585 944 47 0
585 973 36 0
586 666 41 1
586 702 16 0
586 755 43 0
586 849 33 1
586 894 7 0
587 784 48 0
587 920 21 1
587 967 48 1
588 887 46 0
588 897 45 1
588 928 32 1
588 962 23 1
589 599 7 1
589 609 49 1
589 715 34 1
589 807 37 1
589 877 3 0
589 933 3 0
590 723 14 1
590 776 28 1
590 997 39 0
591 618 18 1
591 658 32 0
591 700 1 0
591 729 49 1
591 761 2 1
591 822 3 0
591 853 26 1
591 955 3 0
591 980 21 0
591 989 1 0
591 999 39 0
592 614 10 1
592 721 33 1
592 917 40 1
592 976 32 0
593 639 31 0
593 690 49 1
593 785 6 1
593 813 19 0
593 959 12 1
593 992 29 1
594 744 48 1
594 803 33 1
594 810 11 1
594 824 12 1
594 917 25 0
594 956 50 1
594 984 33 0
594 986 46 1
595 742 44 1
595 921 16 1
596 602 32 1
596 607 28 1
596 613 47 0
596 873 50 1
596 931 3 1
597 704 32 1
597 724 3 1
597 746 15 1
597 961 37 1
597 973 47 1
597 974 1 1
598 630 6 0
598 644 11 0
598 706 27 0
598 736 5 1
598 763 5 1
598 990 41 1
599 623 6 0
599 660 48 0
599 882 14 1
599 970 2 1
600 759 10 1
600 770 20 1
600 897 3 1
600 904 6 1
601 640 13 1
601 712 44 0
601 717 33 1
601 799 23 0
601 802 27 1
601 892 19 1
601 921 14 1
602 628 19 1
602 642 6 1
602 734 12 1
602 944 34 1
603 774 12 0
603 793 9 1
603 853 11 1
603 886 15 1
604 617 33 1
604 618 17 1
604 772 45 0
604 967 27 0
605 721 43 1
605 934 1 1
605 936 13 1
605 993 49 1
606 692 30 0
606 698 9 1
606 810 9 1
606 817 8 1
606 822 48 0
606 837 38 1
606 965 14 1
606 988 1 1
607 799 7 1
607 870 24 1
607 901 41 1
607 954 32 1
608 642 40 1
608 903 37 1
609 696 4 1
609 729 37 1
609 760 35 0
609 785 45 1
609 793 20 1
609 889 15 1
609 910 38 1
610 883 9 1
610 922 15 1
610 926 18 1
611 633 33 1
611 698 17 1
611 747 45 1
611 749 37 0
611 917 11 1
611 956 6 1
611 958 21 1
612 613 7 0
612 666 50 0
612 832 27 0
612 886 7 0
612 985 42 0
613 790 18 0
613 794 36 0
613 813 15 1
613 818 46 1
613 825 1 0
613 839 23 1
613 922 41 1
613 937 17 0
613 986 43 1
614 932 17 1
614 977 11 1
615 710 38 1
615 721 24 1
615 735 42 0
615 769 22 1
615 893 30 1
615 962 7 1
615 984 41 1
616 658 9 1
616 695 23 1
616 793 32 1
616 878 46 0
616 881 20 1
617 746 35 1
617 898 3 0
618 734 10 1
618 812 39 1
618 945 37 0
618 968 40 1
619 736 48 0
619 759 32 0
619 929 47 1
619 975 32 1
620 633 20 1
620 901 42 1
620 982 18 0
621 704 6 1
621 797 6 1
621 862 42 0
621 883 12 0
621 907 46 1
621 908 33 1
621 922 19 0
622 705 4 1
622 707 46 0
622 911 27 0
622 915 21 0
623 641 39 0
623 667 5 1
623 745 32 0
623 948 45 1
623 977 31 1
623 980 5 1
623 996 34 0
624 875 31 1
624 897 45 1
625 649 46 0
625 668 5 1
625 743 39 1
625 822 24 1
625 832 34 1
625 926 21 1
625 953 23 1
626 667 32 0
626 689 4 1
626 704 38 1
626 724 32 1
626 823 25 0
626 972 26 1
627 762 49 1
627 805 40 1
627 931 34 0
627 978 28 1
627 992 10 1
627 994 47 1
628 748 43 1
628 808 41 0
628 973 38 0
629 671 29 1
629 815 10 0
629 970 31 0
630 859 31 1
630 903 32 1
630 974 14 1
631 663 3 0
631 705 49 1
631 902 19 1
632 637 44 1
632 722 32 1
632 729 44 1
632 856 20 0
632 890 40 1
632 910 44 1
632 972 24 1
633 889 39 0
633 984 40 1
634 718 13 1
634 770 35 1
634 903 40 1
635 650 45 1
635 678 31 0
635 687 23 1
635 722 31 1
635 855 44 1
635 893 1 1
635 932 48 0
636 712 5 1
636 871 42 1
636 967 25 0
636 983 8 1
637 724 3 0
637 797 16 0
637 899 40 0
638 794 23 1
638 927 5 1
638 942 40 1
638 996 1 0
639 705 32 1
639 737 37 1
639 821 34 0
640 808 49 1
640 817 17 1
640 818 22 1
640 967 9 1
641 714 6 1
641 768 32 1
641 803 49 0
641 821 47 1
641 872 6 1
641 882 49 1
642 750 3 0
642 807 33 1
642 933 26 1
643 647 18 1
643 827 33 1
643 882 11 1
643 940 43 1
644 648 34 0
644 662 47 0
644 760 28 1
644 793 22 1
644 885 19 1
645 718 15 1
645 763 8 1
645 787 3 0
645 795 38 1
645 810 40 0
645 834 50 1
645 840 45 1
645 852 43 1
645 894 9 0
645 970 11 0
645 985 47 1
646 673 43 1
646 783 41 0
647 675 21 1
647 743 14 1
647 827 5 1
648 690 44 1
648 844 15 1
648 967 38 1
649 672 38 0
649 835 36 1
649 844 45 0
649 885 37 1
650 692 26 1
650 793 39 0
650 927 29 0
651 732 24 0
651 824 45 1
651 925 29 1
651 979 16 1
652 754 8 0
652 952 35 1
652 982 18 1
653 655 42 1
653 735 42 1
653 808 5 1
653 817 22 1
653 943 48 1
654 774 33 1
654 976 16 1
655 685 23 0
655 759 34 1
655 839 28 1
655 872 43 0
655 889 9 1
655 923 46 1
655 933 40 1
656 688 24 1
656 716 28 0
656 737 45 0
656 843 45 1
657 936 24 0
657 957 36 1
658 795 28 1
658 837 21 1
658 882 21 1
659 666 37 1
659 678 20 0
659 720 27 1
659 857 16 1
659 923 46 1
660 967 6 0
661 735 44 1
662 675 19 0
662 699 21 1
662 793 47 1
662 810 6 0
662 820 4 1
662 959 26 1
663 683 17 0
663 917 32 1
663 950 33 0
663 978 12 0
664 711 44 0
664 732 31 0
665 682 5 1
665 748 39 1
665 791 49 0
665 810 15 1
665 852 7 0
665 902 32 1
666 679 25 1
666 713 26 1
666 771 27 0
666 910 19 1
667 704 5 1
667 735 23 1
667 817 40 1
667 880 20 0
667 979 44 1
668 770 31 1
668 789 32 1
668 878 19 0
669 992 7 1
670 677 45 0
670 756 50 1
670 950 13 1
671 717 16 0
671 749 43 1
671 808 21 1
671 863 34 1
672 746 5 0
672 955 31 1
673 755 40 1
673 800 26 1
673 829 49 1
673 832 40 1
673 891 30 0
673 961 36 1
674 685 41 1
674 690 3 1
674 728 47 0
674 913 15 1
674 945 38 1
675 752 14 0
675 762 25 1
675 900 42 0
675 920 12 1
675 952 10 0
676 691 16 1
676 893 24 1
676 970 44 1
677 919 7 1
677 956 24 1
677 974 31 1
677 980 1 0
677 983 4 1
678 880 14 0
678 894 33 1
679 703 16 1
679 758 47 0
679 768 14 0
679 877 8 1
679 884 42 0
679 909 18 1
679 994 48 1
680 819 42 1
680 970 1 0
681 880 3 0
681 991 23 1
682 878 22 1
683 893 1 0
683 950 36 1
684 691 35 0
684 746 25 0
684 773 39 1
684 813 12 1
684 881 46 1
684 994 14 1
685 731 28 1
685 749 43 0
685 819 40 1
685 868 16 1
685 947 29 1
686 740 5 1
686 890 17 1
686 966 42 0
687 696 41 0
687 722 12 0
687 723 6 0
687 786 2 0
687 835 4 1
688 689 27 1
688 817 29 1
689 691 8 1
689 882 49 0
689 948 35 1
690 710 11 1
690 790 32 1
690 792 48 1
690 885 29 1
692 795 42 1
692 859 32 1
693 803 38 1
693 826 40 0
693 967 15 1
694 767 24 0
694 897 44 1
695 849 20 1
695 874 43 1
695 901 45 1
696 954 49 0
696 967 16 1
697 782 21 1
697 787 5 0
697 839 25 1
698 955 41 0
701 780 46 1
701 837 13 1
701 921 43 1
701 929 19 0
701 944 39 1
701 952 24 0
702 714 8 0
702 780 31 1
702 941 8 1
702 971 42 0
703 820 7 1
704 829 7 0
704 926 3 1
704 933 1 1
705 846 27 1
705 944 43 0
706 755 33 1
706 810 45 1
706 928 16 1
707 896 36 1
707 904 37 1
707 951 30 1
708 731 22 1
708 772 26 1
708 913 6 1
708 923 43 0
709 845 32 0
709 879 7 0
709 892 22 1
709 947 10 0
710 802 26 0
711 736 35 0
711 796 24 1
711 911 48 1
712 785 33 0
712 802 26 1
712 881 47 1
712 883 42 1
712 926 19 0
712 984 29 1
713 842 34 1
713 897 39 0
714 750 40 0
714 759 23 1
714 783 27 1
714 795 8 1
714 906 35 1
714 932 39 0
714 964 23 1
715 862 44 0
715 921 50 0
716 728 7 1
716 763 24 1
716 867 16 1
717 806 26 1
717 956 36 1
718 884 43 1
718 936 27 0
718 973 9 1
719 805 22 0
719 857 12 1
719 926 19 1
720 847 26 1
720 879 30 1
720 936 23 1
720 992 5 0
721 823 48 1
721 937 44 0
722 726 11 0
722 885 40 1
722 925 35 0
722 935 42 0
722 940 15 1
723 783 37 0
723 829 36 1
723 843 18 0
724 773 40 0
724 801 48 1
724 839 23 1
724 886 3 1
725 843 41 0
725 850 48 0
725 958 25 1
726 807 14 1
726 894 14 1
726 967 50 1
727 776 13 1
727 890 39 1
727 900 5 1
728 756 25 1
728 765 11 1
728 793 31 1
728 901 37 1
728 971 23 1
728 972 37 0
728 991 13 1
729 759 14 1
729 802 31 0
729 862 44 1
729 922 14 1
729 952 14 0
730 794 9 1
730 871 28 1
730 937 10 0
731 818 35 1
731 874 42 0
731 894 35 1
731 966 30 0
732 784 2 1
732 838 17 1
732 845 10 1
732 915 36 1
733 824 33 1
733 871 6 1
733 898 17 1
733 967 1 1
734 747 50 1
734 751 24 1
734 875 6 1
734 906 31 0
734 966 47 1
734 993 9 1
734 994 6 1
735 762 37 1
735 766 33 1
735 804 46 1
735 805 29 0
735 879 27 1
735 954 25 1
735 984 12 1
736 749 38 1
737 836 10 1
737 839 8 1
737 949 37 0
738 789 37 1
738 808 34 1
738 825 27 1
738 937 47 0
738 978 31 1
739 761 22 0
739 943 14 1
739 944 15 0
739 946 6 1
740 790 41 1
740 833 6 0
740 859 15 0
740 944 4 1
740 973 31 0
741 811 41 0
741 928 2 0
741 935 20 1
742 791 50 0
742 922 25 1
744 925 44 0
745 769 40 1
745 825 31 0
745 841 46 1
745 898 39 1
745 915 12 1
746 756 20 1
746 941 26 1
746 999 27 1
747 815 26 1
747 818 41 1
747 881 38 1
748 788 28 0
748 813 2 1
748 936 29 1
750 824 8 0
751 756 2 1
751 780 32 1
751 803 5 1
751 866 35 0
751 889 34 1
751 940 12 1
751 962 36 1
752 754 5 0
752 848 18 1
752 877 1 1
752 899 38 1
753 759 36 1
753 907 26 0
753 936 50 0
754 839 32 1
754 962 11 1
755 792 16 1
755 847 21 0
755 928 21 1
755 938 49 1
756 789 1 0
756 801 47 0
756 974 4 1
757 909 43 1
757 919 36 0
757 934 12 0
758 787 48 1
758 904 1 1
759 883 39 1
760 863 41 0
760 891 8 1
761 776 15 0
761 899 20 0
762 778 34 1
763 865 12 0
764 870 14 1
764 972 12 1
765 780 14 1
765 809 38 0
766 813 5 1
766 858 22 1
766 886 23 0
766 975 10 1
767 772 48 0
767 796 50 1
767 859 13 0
768 772 15 1
768 794 26 0
768 798 44 0
768 816 37 1
768 821 10 1
768 852 28 1
770 980 4 0
771 794 42 1
771 829 2 1
772 883 47 1
772 962 17 0
773 811 18 0
774 836 20 1
774 888 2 0
774 906 43 0
775 810 31 1
775 874 7 1
775 934 43 1
775 965 25 1
775 971 29 1
776 801 49 0
776 813 47 0
776 879 14 0
776 892 42 1
776 894 9 1
776 926 25 0
776 936 23 1
777 857 30 1
777 858 38 0
777 914 49 0
778 801 38 1
778 835 37 1
778 854 41 1
778 931 42 0
778 969 3 1
778 985 33 1
778 999 14 1
779 794 22 1
779 822 4 1
779 864 13 1
779 941 48 0
780 814 11 1
780 882 44 1
780 916 39 0
780 970 11 1
780 976 33 1
781 823 36 1
782 800 30 1
782 888 25 1
782 908 7 1
782 975 28 1
782 982 14 1
782 997 47 0
783 920 31 1
783 961 21 1
784 831 10 1
784 853 18 1
784 965 17 0
785 799 35 0
786 788 20 0
787 849 38 1
787 950 44 0
787 960 12 1
787 979 47 0
788 962 45 0
789 910 42 1
789 933 42 0
789 959 21 1
789 985 21 0
790 886 21 1
790 972 31 1
791 872 49 1
792 834 3 1
792 937 1 1
792 962 46 1
792 986 14 0
793 829 38 1
793 891 44 1
793 993 18 0
794 820 33 1
794 942 49 1
794 976 33 1
794 987 1 0
794 998 50 1
795 835 40 1
795 952 34 1
795 960 18 1
796 983 31 1
796 990 15 0
797 843 6 1
797 869 46 1
797 921 20 1
797 945 38 1
797 956 5 1
798 852 21 1
798 962 35 0
800 821 20 0
800 989 36 0
801 915 27 1
802 835 42 1
802 871 49 0
802 877 42 0
802 938 33 1
803 908 12 0
804 831 40 1
804 839 13 1
804 854 15 1
804 864 47 0
804 882 30 0
804 986 49 0
805 980 9 1
805 984 32 0
806 882 31 0
806 920 9 1
806 932 36 1
806 964 3 1
806 998 25 1
807 818 21 0
807 866 43 1
807 904 35 1
807 969 8 1
808 820 20 0
808 871 16 1
810 898 27 1
811 939 50 1
812 831 25 1
813 900 6 1
813 963 40 1
813 983 18 0
813 984 19 0
815 975 36 1
816 833 2 1
816 956 41 0
817 826 16 1
817 936 36 0
817 993 20 1
818 839 9 1
818 900 7 0
818 921 47 0
818 982 34 1
819 936 29 1
821 847 47 1
821 956 26 1
821 976 30 0
822 843 34 0
823 857 45 1
823 950 50 1
823 963 29 0
823 965 50 1
823 988 4 1
824 886 14 0
824 928 30 1
825 829 43 1
826 909 1 1
826 921 36 0
826 977 47 1
827 906 42 1
828 959 21 1
828 979 27 0
829 833 10 0
829 934 43 0
830 886 29 1
830 947 17 1
831 835 40 0
831 891 10 1
831 995 33 1
832 833 23 0
833 937 11 1
834 838 40 1
834 843 5 1
835 862 11 1
836 929 33 1
837 939 9 0
838 841 49 0
838 854 36 0
838 863 17 1
838 970 10 1
838 980 8 0
838 988 50 1
839 913 50 1
839 938 25 0
839 977 40 1
839 994 45 0
840 951 42 1
842 942 30 1
842 957 7 1
842 969 28 1
843 858 41 0
843 934 35 0
843 937 2 1
844 903 22 1
844 953 22 1
844 965 31 1
845 849 36 1
845 910 34 0
845 951 37 1
845 974 42 1
845 994 29 1
846 865 18 1
846 893 45 1
846 897 18 0
846 965 37 1
848 900 16 1
849 954 39 1
850 872 11 1
850 903 3 1
850 964 50 1
850 974 19 0
850 992 31 0
851 863 11 1
852 884 9 1
852 913 12 0
852 979 24 0
853 858 34 1
854 895 48 1
854 944 40 1
854 990 5 1
855 871 6 1
855 975 16 0
856 862 15 1
857 869 12 1
857 967 2 1
858 887 10 1
859 876 15 1
859 898 20 1
859 933 47 1
859 978 14 0
859 991 39 1
860 871 15 0
860 900 8 1
861 867 13 1
861 899 38 0
861 912 14 1
861 965 14 0
862 993 25 0
863 914 2 1
864 945 15 0
865 910 16 0
865 944 32 1
866 880 43 0
866 916 14 1
867 888 33 0
867 900 41 1
867 942 39 1
868 881 23 1
868 897 34 0
868 973 41 1
870 914 35 0
870 927 6 0
870 976 39 1
872 875 2 1
872 921 25 1
873 998 9 0
874 899 23 1
874 909 2 1
875 947 35 1
875 991 26 1
877 938 23 1
877 993 38 1
878 896 33 1
878 995 15 0
880 916 20 0
880 926 44 0
883 970 2 1
884 895 29 1
884 949 6 1
885 907 35 1
886 964 28 1
887 937 34 0
888 918 32 1
888 927 18 1
888 934 42 1
888 957 32 0
889 898 18 0
889 935 17 0
889 946 37 0
889 955 39 1
889 981 29 1
890 945 29 1
890 992 31 0
892 914 22 1
892 956 5 1
892 965 16 1
892 973 21 0
892 994 20 1
893 961 45 1
895 921 2 1
895 962 7 1
895 995 7 1
897 932 36 0
897 945 46 1
898 973 45 1
898 980 3 0
898 983 1 1
900 901 38 1
900 905 44 1
901 948 25 1
901 959 21 1
902 906 34 1
903 945 2 0
907 938 4 0
908 994 50 1
910 927 18 1
910 985 18 0
911 999 45 1
913 921 17 1
914 972 17 0
915 916 39 1
915 920 23 1
917 952 40 1
918 931 42 1
918 996 6 0
919 960 29 1
920 955 23 0
922 960 36 0
923 974 33 1
924 958 32 0
926 975 15 0
926 977 45 1
926 985 39 0
926 986 24 1
927 944 43 1
927 983 10 1
927 993 19 1
933 978 7 0
937 943 28 0
938 995 50 1
938 997 5 1
939 993 42 1
942 994 9 1
943 946 5 0
944 996 21 1
947 981 34 1
952 995 40 0
953 961 1 1
961 983 4 1
962 979 12 1
962 986 20 0
963 986 39 1
968 983 12 1
972 978 47 1
975 985 3 0
975 993 44 1
996 998 46 0
